0
13
14
21
27
37
40
47
54
61
68
74
83
89
97
101
108
114
118
122
125
135
142
149
155
157
164
169
177
181
190
202
215
226
238
248
256
260
263
271
276
280
285
290
302
308
312
318
325
329
333
336
340
344
352
359
364
373
382
387
401
406
411
414
420
429
432
441
446
451
464
470
474
481
485
491
498
502
505
509
512
516
524
527
533
540
552
564
570
580
588
595
605
610
616
621
629
637
642
646
652
664
670
680
688
696
702
709
715
722
728
737
740
745
750
765
767
771
776
786
800
806
813
816
823
824
837
842
869
876
882
894
898
904
914
925
929
937
941
952
958
967
972
979
993
999
1008
1014
1023
1034
1040
1048
1058
1070
1080
1082
1088
1099
1107
1117
1124
1132
1137
1144
1146
1155
1164
1173
1179
1185
1192
1203
1209
1217
1223
1231
1235
1241
1252
1258
1270
1275
1287
1297
1301
1307
1315
1326
1333
1346
1358
1365
1374
1382
1392
1398
1403
1409
1414
1421
1428
1437
1445
1449
1453
1461
1469
1483
1490
1498
1503
1513
1521
1522
1530
1537
1544
1554
1558
1564
1569
1579
1583
1589
1596
1606
1611
1621
1629
1634
1638
1642
1649
1654
1659
1664
1670
1676
1681
1689
1698
1704
1710
1724
1728
1730
