0
10
12
16
22
26
32
43
57
64
71
75
83
89
98
101
106
110
115
118
125
130
140
143
145
154
157
161
167
178
185
187
189
194
205
206
215
219
221
224
228
239
247
253
254
266
276
281
291
300
305
314
321
331
341
344
358
363
371
379
387
397
405
416
428
433
438
447
452
456
458
469
481
487
496
503
508
518
526
538
543
548
558
565
573
579
584
589
603
610
620
627
632
642
651
658
662
671
681
688
695
705
712
722
727
732
738
744
749
754
764
768
775
783
791
799
810
819
825
829
835
838
847
853
858
863
869
873
879
887
895
901
908
915
925
932
939
946
953
957
970
978
982
985
990
997
1008
1019
1030
1038
1049
1058
1068
1077
1082
1083
1089
1100
1106
1113
1126
1132
1141
1145
1149
1155
1164
1169
1176
1184
1195
1202
1209
1219
1223
1237
1243
1248
1252
1257
1266
1270
1277
1283
1290
1295
1299
1303
1305
1310
1318
1326
1332
1336
1349
1358
1360
1367
1368
1382
1387
1395
1406
1414
1422
1433
1440
1447
1454
1463
1476
1487
1497
1502
1508
1523
1534
1541
1551
1554
1565
1575
1578
1584
1589
1591
1612
1618
1626
1628
1633
1641
1657
1668
1672
1679
1685
1691
1697
1711
1717
1723
1731
1737
1739
1744
1749
1753
1761
1762
1768
1775
1781
1786
1791
1795
1803
1811
1816
1822
1829
1840
1851
1856
1862
1871
1874
1881
1883
1886
