0
10
11
14
20
27
32
40
50
55
60
63
72
79
87
93
105
108
110
118
127
134
147
151
162
172
187
198
203
212
217
222
230
234
243
249
254
263
274
282
285
295
300
307
312
318
328
335
343
354
365
374
386
394
406
408
417
426
436
442
454
459
465
467
470
475
487
498
505
517
526
533
540
548
561
568
584
585
590
592
597
602
612
620
624
633
637
649
657
659
667
679
684
687
693
714
718
728
738
744
752
761
767
780
789
791
795
806
810
817
824
830
841
848
853
864
873
881
887
893
898
901
911
915
921
926
931
933
938
942
944
952
959
967
976
986
1012
1019
1023
1032
1039
1047
1055
1069
1087
1094
1101
1111
1120
1122
1132
1145
1153
1165
1171
