0
4
10
13
20
35
53
75
86
105
116
120
123
129
134
137
146
153
163
172
177
194
198
204
210
218
222
224
232
240
245
254
262
272
281
285
289
294
297
303
307
311
314
319
323
330
335
343
353
358
367
371
378
387
394
396
401
410
420
424
429
437
442
451
456
460
465
476
485
494
500
511
519
526
536
542
547
553
562
571
576
581
587
595
601
620
626
639
643
647
655
659
667
672
676
681
686
692
696
701
707
716
723
729
735
743
755
766
768
779
791
799
807
813
818
839
844
849
854
863
869
877
885
893
901
913
919
924
930
938
944
952
957
975
985
993
1001
1009
1013
1017
1025
1039
1046
1067
1074
1079
1082
1094
1104
1113
1121
1135
1143
1153
1159
1161
1163
