11
19
22
26
31
34
37
42
46
56
58
72
81
85
88
94
102
106
113
122
130
139
148
152
157
163
173
176
182
189
194
206
214
224
232
242
250
254
260
268
270
272
275
277
281
283
285
289
292
295
298
302
306
313
319
323
330
336
348
356
363
366
374
381
387
392
397
408
416
422
430
437
441
448
453
457
464
468
472
484
487
493
496
498
501
505
513
517
523
525
528
538
543
550
555
562
569
573
578
585
589
594
601
608
617
624
631
632
639
642
645
653
660
666
671
684
697
702
713
720
729
735
744
748
757
762
771
781
783
789
790
797
811
815
821
828
834
845
853
863
868
876
881
886
888
902
914
918
925
933
939
943
955
958
963
970
977
981
989
996
998
1003
1008
1011
1018
1027
1034
1044
1048
1058
1060
1070
1082
1093
1096
1104
1110
1115
1123
1128
1133
1140
1143
1147
1152
1154
1163
1171
1181
1187
1195
1201
1205
1211
1218
1226
1234
1240
1248
1257
1261
1268
1273
1280
1287
1291
1294
1296
1305
1311
1320
1328
1333
1341
1353
1357
1362
1367
1374
1382
1385
1391
1393
1406
1410
1414
1419
1423
1427
1434
1436
1438
1442
1444
1450
1453
1458
1463
1473
1477
1480
1487
1489
1499
1501
1506
1513
1516
1521
1527
1536
1541
1545
1549
1561
1568
1577
1584
1586
1601
1612
1625
1629
1637
1645
1651
1659
1669
1675
1682
1687
1696
1703
1709
1719
1725
1737
1741
1753
1759
1763
1769
1785
1793
1798
1803
1810
1818
1824
1831
1838
1841
1844
1848
1851
1856
1858
1866
1876
1884
1892
1894
1898
1905
1911
1916
1922
1925
1934
1939
1944
1948
1950
1955
1960
1965
1970
1978
1986
1988
1995
2000
2005
2013
2019
2022
2027
2034
2039
2045
2054
2057
2070
2074
2078
2089
2096
2109
2129
2142
2145
2149
2154
2160
2171
2175
2180
2184
2189
2196
2202
2210
2214
2217
2220
2227
2233
2237
2242
2255
2261
2270
2273
2283
2287
2296
2300
2305
2307
2313
2325
2331
2334
2345
2353
2360
2373
2380
2387
2395
2400
2408
2412
2415
2421
2427
2439
2443
2449
2454
2458
2461
2471
2475
2481
2488
2494
2499
2503
2510
2514
2522
2526
2529
2534
2538
2542
2553
2561
2568
2576
2596
2600
2609
2611
2616
2621
2626
2633
2640
2660
2669
2677
2700
2705
2711
2716
2718
2724
2728
2734
2740
2742
2746
2754
2762
2773
2775
2777
2785
2796
2802
2805
2811
2816
2822
2825
2841
2849
2855
2860
2867
2881
2891
2915
2933
2938
2942
2952
2957
2961
2975
2978
2984
2988
3095
3102
3110
3114
3122
3126
3130
3136
3140
3144
3149
3153
3161
3166
3169
3175
3182
3188
3193
3196
3201
3205
3211
3214
3223
3227
3234
3237
3250
3258
3264
3268
3273
3278
3285
3290
3296
3302
3309
3312
3318
3320
3324
3329
3333
3336
3341
3348
3351
3355
3361
3363
3366
3369
3373
3378
3387
3401
3406
3417
3421
3426
3430
3446
3453
3466
3470
3474
3483
3490
3494
3500
3511
3523
3529
3538
3539
3540
3544
3545
3546
3548
3554
3555
3561
3572
3578
3587
3591
3594
3607
3614
3617
3623
3629
3642
3646
3654
3658
3667
3669
3672
3673
3679
3684
3692
3697
3704
3708
3715
3717
3722
3733
3751
3758
3762
3765
3776
3778
3785
3787
3792
3801
3810
3812
3815
3823
3830
3837
3842
3848
3854
3857
3865
3870
3874
3878
3883
3887
3893
3898
3906
3915
3922
3930
3936
3946
3958
3961
3964
3969
3972
3975
3978
3981
3987
3989
3993
3996
3998
4001
4004
4006
4010
4012
4020
4025
4029
4034
4042
4046
4053
4058
4060
4071
4077
4081
4085
4095
4100
4103
4109
4116
4125
4129
4135
4141
4148
4151
4159
4164
4167
4169
4174
4178
4183
4185
4188
4202
4209
4213
4221
4227
4237
4245
4252
4260
4275
4286
4292
4304
4312
4316
4328
4336
4343
4349
4359
4370
4374
4380
4385
4396
4401
4412
4420
4432
4436
4442
4451
4462
4469
4474
4477
4478
4480
4484
4487
4493
4502
4506
4511
4515
4522
4527
4536
4545
4551
4556
4562
4568
4579
4586
4601
4604
4611
4624
4635
4638
4642
4649
4655
4658
4664
4672
4679
4683
4690
4694
4709
4713
4718
4723
4727
4731
4746
4760
4762
4776
4784
4798
4808
4824
4832
4837
4840
4849
4851
4858
4862
4869
4875
4879
4886
4894
4896
4914
4934
4947
4953
4963
4967
4972
4978
4986
4990
4995
4999
5006
5016
5021
5028
5040
5047
5053
5062
5070
5078
5083
5086
5088
5091
5096
5100
5109
5117
5121
5126
5129
5133
5138
5145
5156
5161
5167
5174
5177
5182
5196
5202
5204
5207
5210
5220
5225
5227
5230
5233
5235
5237
5243
5249
5257
5267
5271
5275
5278
5287
5293
5296
5304
5305
5309
5317
5321
5329
5334
5337
5338
5344
5352
5356
5361
5366
5370
5375
5388
5395
5402
5405
5413
5416
5424
5430
5435
5440
5447
5454
5458
5467
5470
5477
5481
5489
5502
5505
5510
5523
5530
5539
5547
5556
5565
5573
5576
5581
5589
5593
5600
5604
5608
5620
5626
5632
5641
5651
5661
5667
5670
5676
5686
5690
5698
5704
5708
5716
5722
5731
5735
5740
5746
5750
5755
5761
5766
5771
5783
5790
5794
5799
5805
5812
5817
5826
5828
5845
5851
5861
5870
5872
5881
5886
5888
5893
5900
5907
5912
5925
5938
5944
5950
5959
5965
5969
5976
5980
5987
5989
5992
6006
6029
6044
6051
6057
6059
6067
6077
6083
6088
6093
6096
6100
6103
6110
6117
6124
6127
6129
6132
6136
6145
6154
6158
6169
6178
6183
6194
6199
6208
6210
6211
6219
6226
6231
6240
6251
6262
6268
6276
6282
6293
6307
6313
6321
6337
6347
6356
6363
6372
6380
6385
6395
6403
6411
6419
6425
6433
6436
6444
6450
6456
6463
6466
6472
6480
6486
6490
6494
6502
6507
6518
6526
6530
6536
6541
6551
6559
6563
6569
6570
6574
6580
6584
6598
6610
6617
6629
6640
6646
6657
6661
6666
6669
6678
6682
6689
6696
6703
6709
6712
6724
6729
6738
6743
6752
6757
6765
6770
6780
6785
6791
6797
6805
6813
6820
6857
6863
6869
6872
6875
6878
6882
6891
6900
6906
6914
6922
6932
6939
6949
6954
6963
6968
6978
6985
6991
7001
7013
7020
7028
7037
7044
7052
7062
7073
7084
7093
7098
7101
7104
7117
7123
7128
7139
7147
7157
7164
7169
7172
7175
7180
7187
7194
7201
7210
7213
7235
7243
7252
7259
7265
7269
7276
7291
7296
7304
7312
7318
7322
7330
7334
7336
7342
7346
7353
7356
7360
7363
7377
7390
7393
7400
7411
7426
7429
7436
7442
7444
7447
7450
7454
7457
7459
7461
7464
7468
7471
7475
7482
7485
7488
7491
7494
7499
7504
7505
7507
7510
7513
7515
7517
7519
7522
7526
7530
7537
7539
7542
