0
4
10
13
14
18
23
29
38
47
54
57
62
66
69
73
79
84
85
90
100
107
113
120
128
130
133
143
150
154
157
160
165
169
177
181
190
192
198
204
208
214
217
223
230
237
240
244
249
257
266
271
275
279
281
286
289
296
304
307
316
320
325
330
335
343
349
352
355
357
362
366
367
372
375
383
386
396
401
405
409
415
421
430
437
444
449
452
455
458
462
466
471
474
480
484
489
491
496
501
505
512
514
518
522
527
531
534
537
542
547
554
559
563
569
570
575
582
588
593
597
600
604
607
609
612
618
623
627
631
633
638
641
646
654
658
662
667
673
677
681
686
688
693
698
703
707
709
714
719
723
727
731
736
739
744
747
752
755
757
759
763
768
777
780
783
789
791
796
801
807
810
813
815
818
823
831
839
846
852
856
859
864
869
875
879
886
892
900
905
909
918
925
931
941
948
956
961
965
972
978
986
991
996
1006
1012
1017
1021
1027
1037
1041
1045
1050
1055
1060
1066
1068
1074
1078
1083
1091
1096
1104
1105
1110
1116
1123
1126
1134
1144
1148
1152
1160
1166
1170
1175
1183
1187
1193
1199
1207
1215
1221
1224
1232
1240
1248
1255
1261
1263
1270
1279
1285
1287
