0
3
10
14
19
26
30
38
42
45
50
53
59
65
73
76
81
84
89
93
98
101
103
108
113
118
124
127
133
139
145
150
154
170
176
183
193
201
208
211
217
223
226
231
236
241
249
258
264
273
278
286
288
293
299
305
309
313
315
320
324
329
332
336
340
344
347
354
357
363
368
376
381
386
389
392
396
401
407
411
414
417
423
426
432
442
448
452
458
463
468
472
477
484
490
496
504
511
513
516
520
527
531
536
542
549
554
562
569
576
582
584
589
593
599
607
611
615
621
627
630
640
647
652
656
660
667
673
676
683
686
689
695
698
711
716
721
727
733
741
745
748
753
755
761
763
767
769
773
780
789
795
800
813
824
829
834
839
847
856
860
867
873
877
878
882
887
895
904
910
914
922
926
932
935
938
941
947
955
963
969
979
987
997
1002
1013
1023
1027
1030
1039
1047
1053
1058
1060
1063
1070
1076
1082
1088
1094
1101
1107
1112
1119
1128
1134
1143
1149
1153
1156
1165
1171
1180
1186
1195
1202
1208
1214
1221
1228
1237
1245
1253
1266
1270
1277
1283
1292
1295
1300
1306
1311
1318
1324
1331
1337
1342
1352
1365
1375
1380
1388
1394
1401
1404
1410
1420
1428
1430
1432
1445
1450
1456
1458
1462
