0
10
13
23
28
46
57
60
68
78
83
90
94
99
104
110
114
121
128
135
146
157
166
175
183
191
200
207
216
221
227
235
240
244
251
259
265
273
278
285
292
299
307
315
318
327
335
342
350
362
372
383
389
400
407
414
423
429
433
440
444
451
463
468
474
482
493
502
515
520
528
532
542
546
552
557
561
568
577
585
592
598
608
615
624
631
638
646
652
655
659
668
675
680
694
703
708
719
724
732
745
749
752
760
765
774
778
788
796
801
806
815
818
827
834
845
852
857
866
872
879
885
890
901
910
921
929
934
940
948
954
958
964
969
980
987
994
1004
1017
1026
1035
1045
1050
1058
1063
1077
1084
1095
1105
1109
1114
1121
1125
1135
1143
1148
1157
1164
1177
1187
1196
1200
1211
1218
1225
1233
1240
1246
1254
1260
1262
1272
1284
1291
1293
1299
1306
1312
1320
1325
1331
1339
1344
1353
1359
1367
1371
1380
1382
1388
1391
1397
1406
1416
1420
1424
1432
1440
1450
1460
1468
1474
1483
1491
1496
1504
1510
1519
1525
1537
1543
1548
1559
1568
1579
1593
1606
1619
1624
1632
1638
1644
1654
1664
1671
1678
1694
1697
1702
1710
1715
1730
1738
1750
1757
1765
1776
1781
1783
