0
10
11
16
19
23
31
36
39
43
54
62
70
77
85
93
99
105
113
118
123
126
130
136
140
148
150
159
167
172
176
187
191
194
199
204
209
214
219
226
234
239
249
265
271
277
287
291
296
306
316
323
325
332
338
345
349
357
365
371
377
385
396
399
410
414
421
430
439
447
458
463
473
481
485
493
500
506
513
523
526
530
532
538
547
554
563
574
582
597
603
605
607
621
630
637
643
652
660
666
669
675
680
686
695
702
705
707
711
713
718
724
732
737
753
760
771
776
777
781
788
791
804
815
825
831
839
851
861
869
876
887
912
920
927
930
932
934
937
940
944
947
950
955
