1
10
15
24
39
52
63
69
76
83
85
96
103
118
130
136
143
146
149
158
167
185
191
217
221
233
241
246
264
275
282
290
292
299
301
307
316
320
326
334
344
351
362
365
371
376
387
395
401
403
409
417
421
423
431
452
456
462
468
475
482
492
500
509
520
527
537
543
547
552
558
568
577
581
587
596
610
615
625
636
645
651
658
665
675
682
694
712
735
741
744
755
761
780
783
791
806
824
836
847
855
864
879
888
902
906
910
918
924
932
943
947
952
960
966
972
981
991
996
1000
1004
1014
1024
1026
1031
1039
1052
1062
1073
1078
1096
1118
1119
