0
11
20
28
31
37
41
47
62
69
73
86
89
99
103
114
120
125
129
134
136
142
143
149
154
161
164
166
172
179
182
190
193
201
206
212
221
224
235
239
242
249
260
269
274
279
284
298
310
318
322
330
342
346
348
349
352
358
365
373
378
382
387
391
398
404
410
415
419
420
430
442
449
454
462
470
481
491
496
500
506
516
524
530
536
541
545
550
555
562
568
569
575
578
583
592
605
616
625
636
641
653
661
668
674
683
689
696
704
711
715
722
726
731
742
753
757
761
774
784
790
792
797
799
811
818
826
831
838
845
862
868
874
879
890
895
898
905
911
919
922
931
942
949
957
963
970
980
985
989
995
1000
1002
1006
1009
1018
1024
1027
1037
1042
1046
1051
1055
1060
1067
1083
1098
1104
1107
1119
1129
1140
1157
1170
1176
1184
1196
1199
1205
1209
1218
1221
1226
1230
1232
1236
1244
1247
1250
1265
1280
1286
1291
1305
1317
1322
1331
1344
1352
1358
1362
1373
1376
1382
1397
1402
1406
1418
1433
1437
1446
1451
1461
1473
1480
1485
1492
1501
1514
1524
1528
1534
1549
1553
1562
1567
1574
1578
1583
1594
1607
1616
1620
1624
1627
1639
1645
1652
1659
1663
1672
1678
1689
1697
1707
1719
1724
1727
1754
1758
1767
1776
1782
1784
1791
1795
1799
1807
1810
1819
1832
1841
1847
1862
1870
1878
1882
1893
1898
1903
1909
1917
1922
1947
1955
1964
1969
1978
1984
1991
2002
2009
2015
2021
2034
2058
2063
2084
2088
2089
