0
3
10
15
24
32
42
63
69
75
81
89
98
103
109
116
125
128
134
141
147
150
155
160
166
172
176
182
185
191
196
199
205
210
219
222
226
234
245
253
263
269
272
277
280
284
290
295
301
306
308
314
323
327
332
337
346
350
356
362
370
377
382
387
396
403
410
414
419
429
439
451
463
471
483
492
495
503
510
517
521
530
532
539
543
548
555
564
565
568
583
589
608
614
621
628
639
648
653
658
666
675
679
686
692
696
701
705
710
713
716
722
726
731
737
747
753
755
758
763
769
775
783
791
794
801
808
815
819
823
830
835
842
851
854
860
866
869
872
876
884
889
897
904
909
914
924
938
942
949
956
963
970
976
985
992
999
1011
1016
1018
1026
1030
1034
1039
1047
1052
1060
1067
1074
1086
1091
1098
1103
1110
1115
1120
1126
1133
1139
1146
1153
1160
1162
1168
1177
1181
1191
1200
1208
1217
1228
1232
1234
