0
3
10
22
35
43
54
63
75
83
92
99
104
109
112
117
119
129
134
140
147
152
163
169
176
181
196
202
217
222
228
234
241
254
257
259
261
267
273
285
296
305
316
321
333
340
349
366
380
402
412
419
427
434
437
445
454
464
467
475
483
492
507
520
527
535
544
554
560
573
589
593
599
602
607
615
620
628
638
645
652
658
664
669
678
684
691
697
704
707
713
720
724
728
733
739
746
754
758
766
776
778
787
796
800
812
820
833
840
851
863
874
882
894
916
922
931
937
941
947
952
958
965
967
973
977
982
987
992
999
1006
1009
1019
1028
1033
1042
1045
1050
1052
1055
1069
1079
1085
1089
1096
1109
1115
1125
1134
1138
1141
1146
1151
1158
1173
1176
1184
1192
1199
1208
1210
1221
1232
1242
1245
1259
1269
1272
1273
