0
10
11
21
34
55
59
64
69
72
76
88
105
112
118
126
130
134
139
145
151
159
164
169
175
184
189
193
202
213
218
233
239
244
251
258
266
270
274
284
291
294
300
307
312
319
322
324
338
346
353
356
368
372
378
386
388
397
419
428
432
435
439
447
454
459
465
470
478
485
490
495
504
515
518
523
528
539
542
553
558
568
592
596
601
609
617
623
628
635
640
648
657
664
671
679
684
689
694
701
705
711
716
720
725
734
741
745
749
755
758
763
767
772
775
783
785
794
800
804
807
816
823
828
832
842
848
852
858
863
866
868
874
881
888
893
897
899
904
909
918
924
932
936
941
946
952
960
966
972
979
984
993
1001
1013
1020
1026
1034
1038
1046
1052
1055
1059
1063
1069
1075
1078
1085
1090
1100
1104
1108
1111
1117
1122
1131
1135
1140
1149
1159
1171
1180
1186
1191
1196
1202
1207
1217
1226
1230
1237
1249
1258
1263
1271
1273
1277
1282
1286
1290
1296
1300
1306
1309
1314
1322
1329
1335
1342
1351
1357
1365
1373
1376
1409
1418
1423
1436
1442
1447
1452
1455
1459
1464
1473
1480
1485
1489
1494
1500
1504
1507
1512
1515
1521
1524
1529
1535
1540
1542
1546
1551
1557
1569
1577
1582
1587
1592
1599
1603
1608
1614
1624
1627
1634
1637
1646
1648
1659
1663
1674
1685
