0
10
13
20
24
29
37
46
50
54
62
66
77
80
92
94
101
104
109
119
122
131
134
137
147
152
154
158
164
167
171
174
178
181
186
194
200
208
217
224
227
229
238
241
246
252
256
260
268
272
280
285
291
295
308
316
323
329
336
339
343
347
350
356
367
371
376
383
385
394
403
408
416
419
422
430
435
440
443
446
452
454
456
470
478
483
488
495
500
508
514
519
524
526
531
538
549
552
560
565
568
572
587
593
602
614
628
631
634
640
643
650
656
658
670
680
682
684
695
697
706
710
713
723
733
735
738
746
748
754
767
779
783
785
796
806
812
815
822
826
833
835
838
847
850
859
867
872
876
884
891
901
910
916
926
930
933
942
946
951
957
963
970
973
978
981
985
990
995
1004
1011
1015
1019
1025
1028
1032
1042
1060
1064
1067
1076
1080
1087
1091
1099
1102
1106
1109
1117
1121
1127
1135
1144
1150
1153
1157
1165
1167
1172
1177
1185
1192
1196
1203
1211
1214
1217
1220
1226
1230
1233
1237
1250
1256
1266
1269
1280
1288
1296
1306
1310
1319
1324
1330
1333
1339
1345
1352
1356
1364
1372
1377
1384
1392
1396
1399
1405
1408
1413
1423
1427
1431
1437
1447
1451
1454
1462
1468
1473
1478
1485
1491
1497
1504
1513
1516
1522
1528
1532
1537
1542
1551
1556
1562
1567
1572
1575
1577
1579
1583
1594
1601
1605
1614
1621
1626
1631
1633
1644
1648
1652
1658
1667
1671
1675
1678
1684
1691
1694
1701
1704
1710
1717
1722
1726
1731
1736
1740
1746
1750
1754
1760
1764
1772
1779
1788
1796
1804
1812
1816
1819
1825
1832
1838
1847
1853
1857
1864
1870
1875
1881
1888
1893
1898
1904
1910
1916
1921
1930
1935
1942
1944
1953
1958
1961
1967
1976
1978
1984
1989
2004
2011
2014
2018
2021
2025
2032
2037
2045
2051
2060
2070
2075
2086
2091
2102
2108
2113
2121
2127
2134
2139
2143
2148
2156
2162
2173
2179
2184
2190
2197
2199
2207
2211
2216
2221
2227
2229
2231
2234
2236
2241
2251
2255
2261
2269
2272
2282
2286
2288
2293
2302
2307
2315
2320
2324
2332
2341
2347
2354
2359
2371
2375
