0
11
14
25
33
35
41
47
48
51
58
64
69
77
83
85
87
91
97
100
104
110
115
122
126
131
138
140
150
159
165
171
175
178
186
195
199
211
220
223
228
234
240
244
250
259
268
270
274
278
283
287
294
299
305
312
316
319
322
331
334
343
348
353
359
364
368
379
383
389
394
398
401
409
416
424
429
437
440
444
447
458
464
468
474
480
488
492
494
497
502
509
513
518
526
532
538
552
563
564
569
570
577
581
584
590
599
605
611
618
621
629
632
638
648
653
659
668
673
677
682
689
695
700
704
709
711
717
725
728
736
742
745
751
757
764
768
775
789
793
796
804
808
812
826
833
838
848
853
863
869
871
879
883
889
893
895
905
911
918
928
929
934
938
950
954
959
966
975
979
984
987
995
1004
1010
1015
1020
1024
1026
1031
1038
1042
1044
1050
1054
1057
1062
1063
1067
1077
1082
1089
1096
1104
1112
1118
1124
1134
1142
1152
1157
1159
1171
1175
1178
1189
1195
1203
1209
1217
1225
1230
1236
1240
1244
1248
1256
1266
1269
1273
1281
1287
1292
1300
1311
1316
1328
1334
1341
1347
1351
1354
1360
1365
1370
1374
1381
1387
1396
1405
1411
1414
1422
1427
1435
1439
1448
1461
1465
1475
1480
1486
1490
1497
1500
1514
1517
1521
1531
1533
1538
1539
1545
1550
1561
1566
1571
1580
1594
1598
1610
1613
