0
4
10
15
20
30
39
45
50
60
70
79
86
95
97
104
108
118
121
130
137
140
148
164
176
179
186
188
197
202
217
223
235
239
243
251
254
261
273
280
284
290
293
299
305
309
331
336
341
346
352
360
365
375
384
390
400
407
410
414
418
424
435
443
459
468
474
483
493
497
502
510
522
529
534
538
540
543
551
554
557
563
567
575
581
592
597
603
608
620
626
630
641
644
649
657
664
667
673
681
687
694
702
712
718
720
725
733
737
744
750
756
762
768
773
778
785
795
806
809
820
827
831
833
838
844
848
857
866
876
884
886
889
898
903
909
916
921
924
929
940
945
951
957
962
965
972
975
980
982
986
997
1009
1014
1023
1030
1035
1045
1046
1048
1058
1063
1068
1074
1079
1083
1093
1100
1106
1113
1116
1120
1128
1131
1139
1143
1150
1160
1167
1178
1184
1190
1199
1202
1210
1218
1227
1233
1236
1241
1245
1252
1259
1262
1268
1275
1280
1281
1287
1289
1302
1305
1311
1316
1322
1328
1336
1343
1353
1359
1363
1368
1374
1377
1384
1395
1400
1407
1410
1415
1423
1429
1437
1438
1443
1446
1451
1458
1473
1477
1485
1491
1495
1502
1511
1517
1524
1526
1532
