0
4
10
13
16
19
22
28
32
40
44
49
54
63
73
77
83
88
93
95
99
106
109
115
118
125
134
141
143
148
151
158
178
186
188
195
203
210
217
233
240
245
248
253
261
268
276
282
292
298
304
312
318
326
330
337
345
353
360
366
371
374
380
384
389
401
405
407
413
419
428
433
436
440
446
456
461
469
472
483
490
494
500
504
510
518
525
531
537
540
545
550
563
571
580
584
588
600
604
608
614
621
629
642
649
652
659
664
670
682
688
698
706
714
721
730
732
738
741
742
744
750
755
758
768
776
781
788
797
803
806
810
817
819
827
835
842
848
856
862
869
876
879
887
893
899
903
908
912
923
929
936
942
949
952
957
962
974
983
989
1011
1016
1024
1027
1034
1038
1043
1051
1055
1060
1072
1076
1082
1086
1093
1100
1106
1109
1116
1120
1123
1135
1141
1143
1151
1155
1161
1168
1175
1183
1189
1194
1195
1196
