0
10
14
25
28
32
40
46
54
63
72
80
88
90
98
102
108
114
127
133
141
151
156
167
173
182
187
196
207
216
221
227
231
239
250
258
262
269
276
279
287
290
296
300
306
311
317
327
331
338
347
354
365
375
381
386
392
395
406
415
422
434
438
452
464
472
486
494
503
510
521
532
538
545
559
569
576
579
584
589
595
601
608
615
620
631
635
644
662
670
680
692
699
708
718
722
724
729
735
739
748
755
764
779
783
794
801
814
822
828
835
841
848
850
858
864
868
876
883
889
897
911
912
920
926
929
935
940
946
958
965
975
982
992
997
1001
1007
1014
1024
1027
1031
1037
1043
1052
