0
10
13
17
20
26
34
46
55
61
65
74
84
92
100
112
116
123
126
128
132
137
139
142
144
149
155
159
163
168
172
178
180
186
188
195
204
206
210
214
222
231
234
238
243
248
255
258
261
265
271
274
280
284
291
297
301
305
309
315
325
330
334
343
350
353
356
362
371
375
384
389
397
404
410
422
425
428
434
438
446
451
454
456
465
473
483
490
497
506
520
533
536
544
552
555
561
571
574
587
595
607
611
620
624
630
632
636
644
648
650
653
657
659
664
666
671
675
680
686
689
692
697
701
704
709
714
719
722
727
732
737
740
751
760
771
777
788
791
795
798
804
811
818
828
838
844
852
856
858
862
866
868
874
880
886
889
898
908
914
921
926
936
947
951
957
959
970
972
976
980
986
991
997
1005
1010
1015
1021
1026
1030
1035
1037
1041
1042
1045
1050
1056
1063
1067
1070
1078
1081
1086
1091
1094
1100
1107
1112
1119
1122
1127
1134
1147
1150
1156
1166
1180
1184
1195
1204
1214
1223
1227
1232
1242
1247
1256
1267
1270
1278
1280
1283
1285
1289
1293
1302
1304
1306
1317
1320
1323
1329
1332
1337
1342
1350
1351
1357
1365
1368
1375
1383
1388
1396
1406
1411
1418
1421
1426
1431
1438
1447
1461
1468
1472
1474
1482
1486
1493
1500
1509
1514
1518
1521
1527
1536
1538
1544
1545
1549
1553
1558
1561
1565
1566
1574
1579
1584
1587
1590
1593
1598
1604
1610
1612
1619
1626
1634
1639
1646
1654
1658
1669
1680
1692
1696
1698
1706
1710
1715
1720
1729
1730
1736
1744
1749
1754
1768
1774
1777
1779
1789
1797
1802
1808
1814
1823
1828
1838
1844
1847
1853
1863
1870
1874
1882
1894
1897
1902
1904
1910
1920
1928
1934
1948
1954
1958
1961
1969
1972
1987
2000
2010
2020
2023
2036
2037
2050
2056
2062
2064
2068
2070
2074
2077
2080
2083
2086
2089
2096
2108
2115
2121
2131
2147
2157
2165
2172
2175
2178
2183
2192
2195
2201
2208
2213
2219
2227
2232
2236
2242
2244
2251
2259
2269
2277
2288
2291
2295
2302
2308
2328
2335
2337
2341
2347
2359
2366
2370
2375
2380
2383
2391
2397
2406
2413
2418
2430
2435
2438
2442
2451
2455
2464
2468
2477
2480
2486
2493
2502
2513
2516
2520
2529
2534
2537
2542
2547
2553
2560
2563
2565
