0
4
9
11
12
17
19
28
38
41
46
52
59
71
77
86
91
96
99
100
104
106
112
117
127
135
137
140
146
152
157
163
169
181
188
192
194
203
205
209
218
223
227
229
230
233
235
238
245
258
263
269
274
281
287
293
299
305
307
310
318
323
326
327
330
338
341
347
352
364
368
373
377
388
393
399
405
411
419
425
429
434
442
445
456
459
471
476
479
483
487
490
501
506
513
520
524
529
532
536
542
545
547
555
557
561
569
572
581
584
590
598
601
603
609
613
617
621
624
628
636
642
647
651
660
664
669
672
678
681
684
687
697
699
703
713
720
724
731
737
740
748
756
758
762
767
772
777
784
787
792
798
802
809
812
818
828
836
840
843
848
849
861
866
875
884
888
891
893
897
902
910
916
922
928
936
940
944
947
954
960
969
971
974
976
986
991
1000
1011
1016
1022
1024
1030
1035
1041
1043
1045
1048
1053
1056
1061
1072
1074
1079
1088
1092
1095
1099
1104
1110
1115
1118
1124
1128
1131
1134
1140
1143
1146
1151
1158
1162
1168
1174
1176
1179
1185
1190
1196
1199
1202
1204
1212
1216
1221
1229
1234
1236
1244
1252
1260
1264
1270
1275
1281
1283
1290
1292
1297
1300
1303
1306
1312
1315
1323
1329
1332
1339
1343
1345
