0
4
10
13
20
26
36
44
52
55
62
71
75
78
84
87
92
98
109
115
124
128
138
143
152
159
165
172
178
182
188
197
202
205
210
215
219
225
238
244
254
260
267
276
281
285
290
298
312
319
325
332
338
344
349
355
363
369
377
383
386
399
405
408
412
416
422
434
444
451
460
467
471
476
481
490
498
504
509
515
516
524
530
533
538
545
554
558
566
570
575
578
586
592
597
601
606
610
620
624
632
640
644
649
653
660
666
675
683
688
695
703
709
719
723
734
740
744
751
762
768
775
783
787
792
796
803
812
819
824
831
835
843
848
858
863
869
874
884
889
900
907
914
923
929
934
940
945
949
954
959
968
973
980
984
993
1001
1010
1016
1020
1022
1031
1038
1045
1053
1057
1064
1071
1077
1088
1093
1099
1106
1111
1121
1127
1133
1140
1149
1155
1165
1169
1174
1181
1191
1196
1198
