0
3
10
11
17
22
27
36
46
61
67
77
83
94
103
120
123
133
157
167
183
191
204
216
226
229
238
248
260
285
298
305
313
328
334
345
360
378
389
395
406
419
431
437
442
450
461
466
476
490
503
510
521
531
545
556
562
566
575
581
590
600
610
620
630
644
651
662
671
678
690
703
718
732
742
752
764
769
780
792
801
810
817
824
836
849
856
862
874
888
901
908
925
934
942
951
961
966
971
982
991
995
1002
1007
1013
1026
1036
1043
1048
1056
1066
1075
1082
1088
1097
1109
1118
1124
1135
1139
1151
1156
1163
1170
1180
1188
1192
1199
1206
1213
1219
1229
1238
1254
1263
1270
1277
1292
1305
1317
1324
1335
1344
1356
1365
1372
1382
1390
1398
1410
1421
1428
1432
1446
1457
1464
1482
1492
1503
1509
1520
1530
1542
1552
1559
1569
1583
1591
1600
1607
1616
1625
1631
1643
1657
1668
1678
1683
1689
1694
1702
1713
1719
1727
1731
1743
1752
1764
1769
1778
1793
1802
1809
1823
1832
1841
1847
1861
1867
1878
1885
1891
1895
1901
1908
1917
1945
1956
1958
1961
