0
10
14
22
28
32
39
52
56
58
65
71
76
84
87
93
97
102
108
113
117
120
126
132
134
140
144
148
155
161
163
169
173
175
180
186
191
197
206
209
215
223
226
237
239
245
254
258
261
263
270
278
281
285
289
291
295
301
305
309
316
317
324
332
337
339
342
348
355
362
369
376
381
383
390
398
403
409
415
419
424
428
431
433
437
442
447
450
454
461
473
480
483
488
493
499
503
513
515
518
528
529
538
543
552
555
559
567
569
574
576
578
584
589
593
595
601
605
608
611
615
619
624
628
636
641
644
646
651
658
664
677
684
689
698
702
705
712
714
720
724
726
732
736
740
746
756
760
763
766
769
772
778
782
786
793
797
802
804
812
819
827
831
839
848
854
858
862
870
877
880
883
888
894
898
900
903
907
911
918
923
926
934
940
946
949
951
956
964
967
971
978
982
985
993
999
1003
1008
1017
1020
1023
1028
1031
1042
1050
1052
1062
1066
1075
1079
1088
1092
1097
1100
1105
1108
1113
1123
1128
1138
1148
1152
1158
1160
1164
1172
1185
1192
1200
1204
1209
1215
1218
1220
1225
1229
1234
1240
1249
1259
1264
1275
1276
1281
1285
1289
1298
1300
