0
10
14
19
27
31
40
48
54
60
68
73
85
97
108
116
123
127
134
137
142
154
164
168
177
182
187
193
196
202
209
212
217
224
228
231
236
238
244
248
251
257
260
268
275
279
282
285
290
293
295
301
305
309
314
320
327
333
337
345
351
356
361
368
374
378
381
389
392
396
403
409
417
421
424
429
431
435
440
449
451
456
460
463
466
471
476
482
486
494
502
505
513
518
524
529
537
543
549
558
564
569
578
581
585
592
596
603
607
612
615
622
628
636
640
644
648
653
659
666
671
678
683
691
698
713
723
728
735
738
750
758
768
773
775
782
789
794
798
808
814
818
823
827
836
844
849
864
869
876
881
889
893
899
911
917
924
930
937
942
950
954
961
970
977
982
990
995
999
1003
1011
1015
1021
1029
1033
1036
1041
1045
1050
1057
1063
1066
1069
1081
1085
1090
1093
1099
1102
1112
1121
1128
1133
1140
1148
1153
1156
1169
1177
1185
1195
1199
1208
1214
1220
1226
1234
1237
1241
1245
1252
1258
1264
1267
1271
1274
1280
1286
1293
1297
1304
1308
1315
1325
1331
1336
1340
1349
1355
1363
1366
1373
1376
1382
1390
1398
1405
1409
1416
1422
1427
1434
1445
1448
1456
1466
1473
1480
1487
1491
1494
