10
12
14
20
33
38
44
53
60
68
72
74
77
86
91
98
103
110
113
117
126
129
133
144
147
152
160
176
185
199
205
208
213
216
226
230
233
242
251
261
268
275
277
279
289
298
305
313
320
325
328
337
348
360
362
369
377
382
390
395
404
410
413
417
424
430
437
447
457
461
465
473
479
486
491
499
504
513
517
527
530
536
541
548
552
558
573
581
590
595
601
611
614
621
624
633
663
673
679
684
689
700
704
710
713
718
724
739
741
746
748
751
761
768
773
776
783
792
798
806
808
812
825
853
860
865
872
880
888
893
897
903
912
916
929
939
952
957
965
973
984
993
1006
1011
1019
1026
1030
1036
1043
1047
1051
1058
1064
1070
1077
1086
1094
1102
1108
1122
1126
