0
10
15
17
23
60
66
76
81
86
96
101
112
117
123
130
141
148
157
162
166
171
179
187
197
200
205
209
218
225
229
233
239
245
251
258
266
269
274
281
283
288
296
301
306
311
319
326
331
332
335
341
345
352
359
366
373
380
387
391
397
400
406
410
415
418
425
433
440
448
457
462
468
473
478
483
487
492
498
501
506
508
515
519
524
530
535
539
541
550
559
563
573
576
580
587
595
601
610
617
622
628
637
643
647
654
664
672
676
683
688
694
700
707
710
720
724
728
737
745
757
767
782
801
809
815
820
830
839
848
858
862
871
882
884
889
892
901
905
907
915
920
923
930
935
939
945
950
956
965
969
979
984
993
996
1004
1010
1018
1034
1041
1046
1048
1053
1057
1060
1068
1075
1079
1083
1084
1088
1093
1105
1112
1115
1120
1126
1132
1139
1146
1153
1159
1164
1170
1175
1188
1196
1204
1212
1219
1228
1234
1240
1254
1262
1275
1285
1296
1300
1305
1311
1319
1325
1331
1337
1347
1357
1361
1366
1372
1378
1383
1384
1394
1396
1403
1413
1417
1422
1431
1439
1444
1450
1458
1468
1474
1479
1486
1493
1500
1504
1511
1516
1523
1529
1535
1539
1547
1554
1560
1565
1573
1580
1587
1591
1592
1602
1610
1615
1625
1627
1630
