0
10
14
21
34
42
50
54
62
67
74
80
92
96
108
113
122
130
132
148
160
171
176
182
187
192
200
209
217
233
235
242
253
257
266
277
281
287
292
295
299
302
308
312
320
332
339
345
349
355
359
361
369
373
379
382
389
398
409
412
417
427
438
450
456
460
464
472
477
481
487
492
497
502
504
507
515
522
531
537
549
554
564
570
575
580
586
594
599
602
606
609
618
624
627
637
643
654
663
671
683
694
707
715
716
720
729
738
740
742
745
747
752
756
763
775
781
791
800
804
807
815
820
826
834
841
845
848
857
861
866
875
881
888
896
901
906
910
912
921
923
929
935
941
946
951
959
971
979
984
995
999
1011
1015
1028
1039
1046
1060
1068
1077
1083
1088
1096
1112
1120
1123
1130
1136
1139
1144
1148
1152
1157
1162
1166
1170
1173
1180
1184
1191
1197
1201
1207
1211
1218
1229
1245
1254
1260
1272
1278
1281
1282
1285
1299
1309
1319
1326
1337
1339
