0
10
14
21
28
35
41
49
58
65
72
81
86
94
98
104
109
112
117
127
131
136
141
145
150
154
159
167
176
179
184
191
196
200
203
207
217
222
230
236
242
250
256
261
263
268
275
282
286
289
297
304
310
313
321
329
336
340
348
358
359
364
371
374
379
384
389
395
400
408
414
421
428
441
450
455
462
468
474
478
482
490
498
501
505
511
518
523
527
533
538
551
563
567
573
577
583
590
600
604
608
609
614
622
629
637
649
655
660
663
669
675
680
686
693
699
705
712
717
721
726
737
743
752
756
768
773
779
784
790
799
809
815
819
828
834
840
848
856
864
869
873
879
881
885
889
897
901
904
910
913
919
924
929
933
937
943
950
959
963
970
974
987
994
999
1010
1015
1020
1029
1033
1036
1039
1044
1052
1055
1060
1063
1070
1075
1083
1086
1092
1094
1102
1105
1110
1117
1122
1127
1136
1140
1148
1156
1162
1167
1174
1183
1189
1202
1210
1214
1219
1228
1232
1235
1238
1243
1249
1256
1262
1271
1275
1280
1288
1293
1297
1302
1305
1310
1322
1326
1335
1342
1351
1354
1363
1368
1373
1380
1385
1391
1397
1402
1411
1416
1424
1429
1434
1440
1446
1452
1461
1466
1471
1478
1485
1494
1503
1512
1521
1525
1531
1535
1539
1549
1558
1566
1570
1577
1584
1588
1593
1600
1607
1612
1620
1627
1631
1635
1646
1651
1658
1661
1665
1670
1679
1684
1692
1703
1707
1712
1715
1723
1727
1739
1745
1753
1757
1762
1769
1777
1780
1786
1790
1797
1802
1810
1818
1823
1827
1831
1833
1842
1845
1855
1860
1864
1874
1878
1884
1890
1896
1903
1909
1916
1922
1928
1932
1935
1948
1952
1954
