0
10
14
18
24
31
35
45
63
72
78
81
88
94
101
109
112
118
128
134
140
146
160
169
178
184
191
202
210
216
223
226
230
233
235
238
240
248
250
253
263
269
276
277
283
291
300
306
313
316
322
328
337
347
352
359
362
365
374
382
393
400
406
413
417
423
428
432
443
456
465
473
478
482
493
506
511
514
520
532
540
548
557
564
567
572
582
586
598
604
614
619
624
635
648
652
664
675
686
694
701
709
718
722
736
742
747
754
759
767
778
795
802
811
819
825
832
836
847
863
873
880
890
904
909
913
917
927
934
944
953
955
959
962
976
982
985
988
992
1001
1011
1022
1026
1038
1042
1045
1053
1058
1065
1072
1074
1081
1091
1098
1100
1105
1117
1120
1125
1128
1132
1144
1149
1156
1161
1168
1179
1182
1189
1197
1205
1213
1223
1224
1234
1241
1245
1248
1257
1261
1265
1271
1276
1284
1298
1304
1307
1311
1316
1326
1340
1347
1350
1352
1362
1369
1375
1381
1390
1399
1407
1416
1423
1430
1438
1445
1454
1466
1468
1475
1484
1495
1504
1507
1509
1510
1516
1524
1525
1530
1539
1545
1554
1569
1574
1587
1594
1600
1603
1613
1620
1624
1631
1637
1645
1646
1652
1660
1668
1678
1687
1696
1703
1712
1719
1726
1734
1738
1743
1749
1759
1763
1771
1781
1790
1792
