0
10
11
14
21
30
36
43
50
57
63
66
69
75
84
89
96
101
114
119
122
128
133
139
145
147
152
155
160
168
177
182
194
202
212
217
219
223
227
237
244
251
255
260
264
266
277
284
293
300
307
314
320
324
331
338
345
350
357
367
370
373
376
381
391
395
401
408
415
418
423
427
436
440
442
444
447
450
453
457
463
474
481
489
493
503
528
538
545
553
563
570
582
590
600
611
615
619
629
637
647
651
656
662
668
680
686
694
700
709
718
725
736
742
746
752
761
767
775
783
793
797
808
816
821
831
836
840
849
853
863
887
892
899
908
912
918
930
