0
10
14
20
25
38
41
47
57
62
71
75
83
88
92
96
99
104
108
112
114
117
121
127
133
135
140
144
153
159
164
171
176
185
189
194
200
205
213
217
222
226
231
234
239
243
247
250
255
260
264
276
279
284
294
298
306
311
318
324
328
333
339
342
347
349
356
361
365
369
375
380
384
396
400
403
407
411
416
421
423
430
440
448
453
457
462
469
473
478
481
484
490
492
495
502
506
520
522
525
532
535
540
542
545
554
555
560
568
572
577
580
584
587
593
594
600
604
609
616
623
625
628
630
633
637
646
651
657
663
667
668
676
683
687
694
701
706
712
717
729
733
748
752
756
763
771
776
780
786
790
797
805
812
821
825
832
840
841
847
855
862
870
879
886
894
907
910
911
915
920
931
935
942
948
957
967
976
978
