0
10
12
21
28
37
41
53
60
68
76
78
83
96
103
108
115
123
130
143
147
154
160
167
174
177
182
188
195
204
213
220
224
238
245
254
267
275
278
287
293
298
306
313
319
329
333
338
344
349
360
364
369
378
387
395
403
409
421
430
442
448
456
459
462
463
473
482
489
498
505
512
516
529
533
537
544
549
553
563
568
577
583
587
592
599
605
610
614
620
628
635
646
655
665
669
675
679
683
688
696
700
706
709
713
717
719
728
738
748
754
758
761
771
776
782
792
797
803
806
813
819
824
830
833
837
841
850
856
868
875
888
890
