0
3
10
14
20
33
39
52
65
75
84
89
99
106
109
113
121
126
128
134
147
153
163
171
175
184
190
196
206
210
213
224
229
238
249
252
257
264
272
276
284
286
294
304
311
315
322
327
333
340
348
350
354
361
371
378
385
389
401
413
425
431
436
446
449
452
456
465
472
484
487
494
497
505
508
514
518
522
527
536
540
550
553
558
565
573
580
586
591
599
603
611
620
625
632
635
643
649
653
656
667
675
678
685
693
705
712
720
721
729
742
748
752
755
759
768
776
781
787
791
796
799
804
810
815
821
828
833
847
855
858
864
874
877
880
884
889
893
901
913
924
931
940
944
950
958
962
966
972
976
983
986
992
998
1006
1014
1021
1027
1034
1039
1045
1047
1052
1057
1063
1068
1075
1081
1083
1086
1091
1098
1101
1107
1112
1121
1126
1128
1133
1145
1151
1157
1164
1173
1177
1184
1190
1195
1199
1205
1212
1217
1226
1234
1239
1244
1253
1257
1263
1268
1274
1284
1289
1292
1297
1303
1309
1317
1323
1325
1332
1337
1343
1349
1354
1361
1365
1371
1383
1395
1404
1415
1424
1426
