0
10
12
18
19
29
33
37
41
48
53
58
65
71
79
83
87
91
94
99
104
108
115
123
132
134
139
146
152
157
168
171
179
184
191
196
206
212
215
222
233
242
259
263
268
278
284
291
295
303
315
322
332
336
348
357
365
375
380
388
392
399
406
411
416
422
425
429
435
439
449
456
460
463
465
470
479
485
489
506
515
521
536
549
554
564
573
580
588
594
599
603
607
613
618
622
629
636
638
650
655
660
677
683
688
697
701
705
707
715
727
738
746
752
760
763
771
777
783
789
791
795
802
810
821
825
831
838
842
848
856
867
876
879
882
888
893
900
918
922
938
941
951
960
972
979
982
989
999
1005
1011
1027
1033
1044
1049
1060
1065
1071
1078
1083
1093
1105
1110
1117
1122
1128
1136
1140
1147
1152
1162
1172
1178
1184
1189
1196
1204
1213
1217
1225
1232
1237
1246
1255
1259
1263
1271
1277
1282
1290
1293
1300
1305
1311
1319
1322
1324
1327
1330
1336
1340
1344
1353
1364
1365
