0
10
12
15
25
36
39
46
52
59
65
71
77
82
91
99
111
123
132
140
145
153
159
170
182
187
192
198
205
212
220
228
234
240
247
254
263
267
277
281
287
293
304
315
325
340
346
355
360
363
370
374
386
396
403
411
424
432
445
448
451
457
470
489
498
503
506
515
521
525
532
538
544
552
557
559
564
572
578
582
586
589
598
605
613
623
632
643
656
662
669
684
696
704
709
713
720
728
734
743
748
762
770
782
790
802
810
814
818
827
831
839
846
851
857
867
871
876
880
892
903
913
925
937
946
953
960
970
975
991
994
998
1002
1005
1013
1021
1026
1031
1044
1059
1070
1078
1087
1098
1107
1129
1138
1145
1162
1173
1180
1182
