0
4
10
14
21
29
35
47
52
58
72
78
85
92
97
102
107
112
119
127
135
145
149
154
157
162
168
173
180
185
190
196
206
212
215
222
230
240
245
254
260
265
269
274
277
280
285
291
294
298
306
311
320
331
335
344
352
361
368
375
378
381
385
389
392
396
406
411
414
422
428
436
442
448
455
463
469
475
484
491
495
497
502
508
511
516
523
528
533
539
544
550
556
564
569
578
584
593
597
603
606
609
621
629
637
642
647
652
657
661
668
672
679
686
691
695
702
704
708
711
715
720
726
730
735
740
747
751
755
758
763
768
773
778
783
788
792
803
811
821
827
832
836
838
842
850
853
856
861
867
872
877
883
888
890
897
899
905
907
911
918
923
929
942
949
956
962
966
971
973
978
983
989
994
998
1007
1014
1017
1024
1030
1035
1041
1046
1052
1062
1066
1071
1075
1083
1087
1093
1098
1103
1106
1112
1118
1121
1127
1134
1137
1144
1152
1158
1165
1172
1177
1184
1191
1197
1202
1207
1211
1219
1227
1231
1236
1241
1243
