0
10
14
25
34
42
50
54
65
68
80
85
93
99
109
116
127
130
137
144
152
159
164
170
179
183
193
198
217
222
228
234
238
246
253
259
270
276
280
289
293
304
312
323
330
339
346
353
360
364
369
373
385
395
405
412
417
424
427
435
442
446
450
457
469
477
487
493
502
510
516
522
535
539
547
554
563
569
574
580
585
591
597
603
609
615
620
625
634
642
646
657
661
665
673
681
689
694
699
708
714
717
722
727
732
743
748
762
773
782
790
800
805
810
812
822
825
833
838
844
852
864
866
877
885
888
898
906
919
922
930
934
943
951
955
957
963
973
979
985
992
999
1005
1010
1026
1035
1042
1050
1058
1067
1076
1084
1092
1098
1104
1108
1113
1121
1130
1135
1138
1147
1149
1156
1161
1167
1173
1179
1192
1199
1208
1212
1219
1224
1231
1241
1247
1260
1268
1282
1287
1293
1298
1305
1316
1321
1328
1331
1342
1348
1357
1362
1364
1367
1370
1376
1380
1387
