0
4
10
12
15
23
28
33
36
39
43
50
56
62
66
72
82
86
92
108
113
118
130
134
140
147
152
156
163
170
176
182
191
198
209
212
216
221
224
229
233
237
241
254
262
267
285
300
307
312
318
325
334
341
346
359
365
368
373
375
380
383
389
393
398
399
400
404
406
407
412
414
422
426
428
430
431
432
434
435
436
437
439
446
449
458
468
479
488
501
505
510
513
519
525
529
534
541
560
575
585
590
597
602
612
618
620
625
629
634
640
647
656
664
673
678
684
690
695
701
706
713
724
733
742
747
754
762
766
769
780
789
800
804
808
810
