0
10
15
22
27
34
35
40
58
66
75
79
84
90
96
103
108
116
124
132
138
155
168
179
186
203
215
228
232
243
247
256
266
273
281
291
302
308
322
348
357
365
381
393
396
409
419
426
433
445
453
463
469
479
493
509
521
536
541
552
562
574
583
588
596
600
614
621
632
636
640
648
661
668
680
686
692
695
710
719
724
731
737
745
754
759
765
775
789
798
808
821
827
835
841
850
854
859
865
871
882
893
901
912
915
926
934
939
953
962
968
976
987
995
1005
1018
1023
1034
1043
1052
1062
1083
1090
1100
1108
1129
1141
1151
1157
1164
1167
