0
3
10
15
21
32
44
56
63
74
80
86
92
98
107
115
126
138
143
150
152
165
179
182
193
205
216
225
236
250
259
264
268
273
281
288
291
298
307
312
316
326
338
349
360
365
376
383
391
397
408
416
419
421
428
434
441
454
457
462
474
479
484
496
499
502
513
522
529
537
543
552
560
565
571
584
592
606
622
635
647
656
659
669
671
678
691
703
712
715
721
735
740
745
750
757
772
776
784
792
806
813
822
826
838
845
852
858
866
875
886
895
901
910
925
933
942
948
951
955
966
972
985
993
1006
1016
1019
1023
1033
1045
1055
1060
1073
1078
1090
1104
1106
1122
1132
1147
1155
1157
1164
1168
1177
1189
1192
1203
1210
1221
1226
1238
1241
1245
1251
1261
1271
1277
1291
1302
1315
1317
