0
10
14
19
23
30
36
42
45
50
55
65
70
75
81
96
106
114
118
122
128
134
148
152
157
161
166
175
180
185
192
198
205
212
216
221
227
231
240
247
250
258
265
276
281
286
293
300
306
312
320
328
335
343
350
352
360
371
378
382
390
400
406
412
415
424
426
429
438
441
447
453
459
464
466
474
479
488
495
504
509
519
527
532
540
544
548
552
557
561
565
568
577
583
589
600
604
612
617
620
627
634
637
642
650
658
666
669
677
686
693
698
702
708
719
725
733
743
750
754
760
765
770
777
781
788
798
803
809
813
818
826
835
838
848
855
864
870
878
887
890
898
906
914
918
924
929
936
944
952
959
968
975
983
987
992
995
1003
1009
1014
1022
1031
1037
1043
1049
1053
1058
1065
1073
1077
1080
1085
1096
1103
1107
1111
1115
1121
1135
1144
1148
1156
1166
1175
1186
1205
1214
1223
1229
1237
1244
1253
1263
1267
1277
1284
1292
1301
1305
1311
1318
1324
1335
1342
1352
1362
1371
1379
1389
