0
10
13
15
22
31
41
44
51
61
70
75
85
92
98
105
110
124
129
134
138
143
148
157
166
170
176
181
186
196
204
212
218
223
226
233
242
250
258
263
267
271
275
282
287
293
297
300
307
311
315
322
328
338
341
344
349
357
362
364
370
377
382
391
396
401
407
415
422
432
439
444
452
456
459
466
473
480
489
493
497
508
515
523
529
533
536
542
547
554
559
570
576
579
584
593
603
605
610
616
622
630
638
646
655
661
666
672
681
690
696
702
707
711
719
729
733
736
743
750
755
761
765
771
776
780
785
788
792
795
801
806
816
825
830
843
846
852
857
861
868
873
882
891
898
902
905
909
914
918
926
933
940
946
954
963
970
974
981
986
992
1000
1004
1012
1016
1021
1026
1033
1038
1047
1053
1058
1061
1067
1070
1075
1081
1084
1090
1099
1109
1116
1120
1129
1133
1137
1144
1150
1157
1160
1166
1177
1183
1188
1193
1202
1208
1214
1221
1227
1236
1245
1250
1259
1264
1270
1277
1282
1287
1292
1297
1304
1310
1316
1322
1331
1338
1342
1350
1355
1358
1360
1364
1368
1374
1378
1385
1393
1400
1404
1412
1418
1422
1428
1433
1440
1446
1450
1458
1460
1465
1474
1477
1480
1487
1499
1503
1513
1521
1531
1540
1551
1555
1561
1570
1575
1584
1589
1596
1603
1609
1616
1621
1625
1630
1636
1640
1654
1658
1669
1673
1681
1686
1688
1693
1700
1703
1715
1720
1724
1732
1741
1747
1751
1757
1764
1769
1779
1786
1792
1800
1806
1812
1820
1824
1832
1840
1850
1855
1868
1873
1879
1886
1889
1897
1901
1911
1919
1931
1941
1946
1953
1956
1959
1965
1977
1982
1986
1992
1996
1999
2002
2003
