0
11
19
33
56
61
70
83
94
106
115
120
133
145
149
163
173
179
187
200
208
216
223
226
233
244
254
265
273
282
291
312
334
340
352
362
373
384
391
397
406
415
421
428
435
449
456
460
492
536
547
554
563
579
588
597
601
605
614
626
633
638
654
666
678
684
694
704
712
726
732
744
750
773
789
799
812
820
833
844
848
856
865
879
887
894
900
906
910
920
926
931
939
961
970
979
984
995
1007
1016
1022
1041
1051
1061
1073
1086
1092
1094
1101
1111
1118
1127
1136
1139
1150
1171
1176
1179
1184
1195
1206
1213
1234
1239
1252
1262
1276
1285
1297
1303
1311
1315
1328
1332
1342
1354
1359
1381
1386
1391
1395
