0
10
14
18
23
30
34
41
45
48
53
57
60
66
70
72
75
79
83
88
93
105
113
117
125
128
131
135
140
147
152
155
158
164
168
172
177
186
190
195
200
202
207
212
216
223
227
241
248
257
266
273
280
287
295
298
305
314
323
327
335
340
344
353
358
362
371
377
385
388
396
401
408
414
421
429
435
441
446
449
453
460
467
473
483
488
491
496
504
511
519
530
533
538
542
550
556
564
571
576
584
589
599
603
610
617
628
631
635
640
649
657
662
667
670
677
680
684
692
701
706
711
716
721
724
729
735
740
744
749
754
758
763
768
772
777
785
786
793
801
805
812
820
824
833
848
852
856
864
870
874
878
885
905
907
912
916
926
930
938
945
951
960
970
975
982
984
987
995
1008
1017
1023
1031
1041
1048
1058
1068
1072
1081
1087
1093
1097
1109
1112
1118
1122
1133
1143
1148
1163
1169
1178
1180
1188
1197
1204
1215
1222
1240
1244
1255
1262
1274
1291
1300
1303
1323
1330
1339
1343
1353
1364
1375
1388
1394
1401
1407
1419
1426
1436
1442
1445
1456
1461
1476
1490
1496
1508
