1
10
18
22
30
36
42
48
51
58
64
67
72
80
87
92
102
108
125
129
134
140
146
154
158
168
182
187
199
205
208
215
218
227
230
240
250
263
268
274
278
289
294
307
314
318
326
332
335
341
354
364
373
381
392
405
411
421
431
437
441
448
458
468
475
479
489
497
503
506
511
520
526
537
548
557
568
573
575
579
584
589
591
610
616
621
634
638
647
653
660
668
675
678
683
689
693
702
712
721
724
729
736
742
750
759
765
771
778
780
794
798
806
816
822
828
837
844
855
862
864
870
874
882
891
896
902
904
916
923
927
933
940
951
953
959
962
970
977
981
990
992
