0
10
14
19
40
44
59
62
69
76
80
90
98
110
117
122
133
137
140
147
155
164
172
187
199
207
213
223
231
246
251
261
271
279
286
293
302
306
313
322
327
336
347
357
363
372
382
394
404
407
416
422
432
443
450
455
469
483
493
501
511
519
527
535
546
554
566
575
587
590
599
605
614
618
621
629
632
635
640
648
650
653
655
662
668
677
687
695
704
709
718
724
730
734
741
745
759
771
781
788
793
799
807
812
817
821
828
833
839
844
854
859
869
876
886
887
895
902
906
910
914
919
926
938
944
953
961
971
983
998
1007
1012
1017
1020
1036
1042
1047
1053
1062
1068
1072
1080
1085
1098
1105
1114
1125
1131
1140
1151
1160
1167
1170
1177
1182
1186
1192
1202
1217
1223
1234
1249
1256
1262
1270
1276
1295
1299
1313
1325
1331
1341
1349
1356
1368
1371
1379
1385
1396
1405
1415
1423
1433
1439
1448
1452
1457
1464
1467
1475
1488
1491
1500
1504
1509
1515
1522
1529
1534
1537
1551
1563
1575
1586
1595
1599
1606
1613
1619
1632
1641
1652
1657
1663
1666
1672
1678
1683
1694
1698
1705
1714
1720
1733
1741
1747
1759
1766
1774
1782
1791
1799
1806
1815
1826
1830
1845
1853
1863
1879
1886
1894
1901
1913
1917
1926
1939
1947
1960
1970
1977
1983
1989
1996
2003
2009
2019
2023
2028
2038
2044
2050
2059
2068
2075
2081
2091
2100
2109
2115
2122
2127
2130
2134
2142
2148
2157
2161
2173
2180
2189
2203
2211
2227
2231
2238
2244
2249
2258
2265
2275
2285
2293
2300
2309
2324
2330
2341
2351
2354
2361
2369
2373
2378
2388
2396
2401
2407
2413
2420
2424
2428
2436
2443
2451
2454
2459
2469
2476
2479
2488
2498
2501
2511
2521
2535
2546
2561
2574
2579
