0
10
11
15
24
32
36
50
53
58
61
66
73
77
105
111
115
122
125
133
137
139
153
158
171
178
183
191
198
203
217
221
227
233
241
246
253
256
264
271
278
286
291
294
311
318
322
326
329
337
344
349
357
359
362
367
381
389
395
397
402
407
411
416
424
434
441
454
456
463
472
480
486
491
493
497
502
508
521
529
535
539
547
562
570
573
579
591
597
605
616
620
627
633
638
645
647
651
655
662
672
677
688
698
707
713
718
728
738
749
754
762
770
780
793
797
804
809
830
840
843
854
862
870
877
885
890
894
904
917
927
937
949
953
957
962
969
984
998
1001
1006
1012
1025
1032
1042
1048
1056
1059
1073
1074
1076
