0
10
14
21
25
31
37
43
53
61
68
76
85
90
95
107
112
124
135
142
146
152
158
175
183
185
189
190
194
199
202
207
217
228
233
235
241
250
256
262
268
275
278
285
293
300
305
311
326
331
343
347
354
360
364
367
379
389
393
398
403
415
425
430
433
438
442
450
456
462
473
479
490
501
505
513
519
524
535
543
550
558
562
565
569
573
580
586
593
597
602
609
615
624
627
635
641
648
653
658
667
678
687
691
698
702
710
715
722
728
735
746
750
759
763
771
775
780
784
789
796
800
807
812
819
827
837
842
849
855
862
867
873
879
887
892
896
908
915
923
931
939
949
951
953
959
965
975
982
984
988
1001
1006
1013
1020
1025
1037
1043
1050
1053
1057
1060
1067
1072
1078
1084
1088
1096
1099
1103
1112
1117
1120
1125
1138
1143
1148
1157
1160
1171
1183
1199
1207
1215
1223
1230
1238
1248
1257
1264
1267
1275
1287
1295
1305
1309
1319
1330
1336
1345
1356
1363
1372
1384
1398
1408
1414
1434
1440
1447
1454
1460
1466
1472
1476
1480
1491
1494
1499
1508
1516
1534
1540
1543
1552
1558
1565
1571
1575
1583
1588
1592
1598
1608
1618
1625
1635
1641
1647
1654
1658
1662
1667
1675
1681
1687
1696
1702
1710
1716
1719
