0
3
10
11
13
15
20
25
32
38
43
49
59
63
71
77
80
81
87
100
106
112
120
128
134
137
146
152
155
165
176
180
185
194
203
211
214
221
227
235
239
244
249
257
262
268
276
284
287
295
301
309
316
320
329
339
349
356
361
375
382
387
392
398
403
411
420
425
432
435
442
446
450
455
465
477
485
489
494
500
506
513
516
521
529
535
540
544
548
556
568
578
587
592
597
601
609
614
623
629
634
642
646
650
656
666
674
683
693
701
711
720
735
741
748
756
762
767
774
778
788
798
803
810
816
826
832
837
842
847
853
856
864
868
874
883
892
901
908
912
915
918
927
934
937
939
