0
4
10
12
17
22
34
44
51
65
69
73
76
85
88
95
99
102
106
113
120
126
130
134
138
147
149
153
157
162
165
168
178
182
192
197
202
208
214
223
229
235
238
245
254
260
267
278
280
286
291
298
302
306
313
316
321
328
333
338
345
349
353
356
363
367
370
377
382
391
396
398
406
415
417
422
431
439
443
451
454
458
461
466
470
474
478
483
486
492
498
504
510
516
527
537
546
548
553
557
565
574
584
593
601
607
612
619
624
633
636
644
654
666
676
682
688
695
697
704
711
718
724
729
737
745
751
760
764
774
777
785
788
791
796
801
805
814
820
828
836
844
851
857
864
872
876
879
882
889
895
900
913
921
928
935
940
944
949
954
957
966
974
979
992
998
1008
1015
1019
1027
1035
1043
1047
1054
1061
1069
1077
1080
1085
1088
1096
1104
1107
1114
1119
1125
1131
1141
1145
1149
1154
1162
1169
1172
1177
1182
1189
1194
1198
1206
1212
1218
1225
1232
1234
1240
1243
1246
1254
1262
1265
1273
1277
1281
1286
1291
1303
1319
1327
1336
1351
1352
1354
