0
10
15
34
40
49
59
70
76
82
89
93
106
119
127
133
138
146
159
163
168
180
185
191
198
207
211
218
222
228
236
239
247
255
262
265
272
282
289
294
299
301
304
307
312
319
322
328
334
338
344
353
365
370
381
384
395
402
404
405
414
422
429
436
442
449
456
460
476
483
491
505
518
537
541
549
553
557
564
574
576
578
582
586
589
595
603
605
611
614
617
621
630
636
642
649
658
663
670
681
690
696
705
712
721
729
734
743
747
751
758
764
778
783
788
792
795
802
809
813
821
825
832
837
843
848
852
859
863
870
877
881
884
892
896
900
904
908
911
916
922
926
937
941
951
956
960
963
977
989
1000
1012
1021
1027
1038
1052
1060
1065
1073
1081
1086
1087
1088
1092
1105
1114
1118
1126
1135
1140
1145
1150
1156
1159
1164
1181
1189
1196
1198
1203
1205
1209
1215
1217
1220
1224
1234
1249
1255
1260
1266
1276
1281
1287
1296
1301
1306
1311
1313
1324
1329
1337
1344
1347
1351
1352
