0
10
15
23
33
44
56
64
73
82
91
100
110
119
131
136
143
146
157
162
164
167
173
181
189
197
202
206
212
219
224
235
249
255
264
272
275
289
293
300
314
321
330
341
349
355
365
371
382
384
394
402
409
416
422
432
435
443
452
461
470
478
482
489
494
496
503
510
516
525
531
538
545
550
561
570
573
584
590
599
607
612
619
627
630
634
640
648
655
665
671
680
688
691
695
704
713
721
727
733
740
748
755
762
766
776
782
792
795
804
809
813
820
828
834
838
846
854
859
865
872
878
886
895
897
903
908
913
923
934
942
948
955
962
970
977
983
989
995
997
1002
1011
1019
1027
1033
1043
1049
1056
1060
1066
1073
1082
1091
1100
1109
1121
1129
1138
1146
1155
1162
1170
1179
1189
1196
1202
1211
1218
1223
1229
1231
