0
12
15
19
27
34
38
41
48
54
60
63
70
76
82
90
97
104
112
121
128
136
149
156
161
165
169
174
179
185
195
197
201
206
213
219
222
230
239
245
258
262
268
277
289
294
304
310
320
326
335
343
357
358
363
367
373
380
388
391
398
406
413
424
429
436
440
446
457
470
472
480
486
496
504
511
515
529
538
543
547
553
562
571
574
584
588
596
604
621
630
637
644
650
657
663
670
680
686
695
705
715
721
732
740
752
760
765
774
779
787
800
808
815
827
836
841
844
850
853
861
867
879
886
895
901
905
910
919
926
934
943
950
956
962
973
977
981
993
998
1003
1010
1016
1022
1034
1040
1045
1056
1075
1087
1098
1103
1111
1124
1135
1142
1149
1155
1165
1175
1191
1199
1209
1215
1225
1230
1234
1241
1249
1251
1260
1265
1273
1281
1285
1293
1298
1305
1316
1326
1332
1335
1342
1346
1353
1360
1368
1375
1383
1390
1395
1403
1409
1414
1424
1432
1438
1443
1449
1454
1459
1464
1472
1487
1497
1510
1515
1519
1522
1525
1530
1534
1542
1551
1564
1574
1579
1587
1598
1603
1608
1616
1620
1627
1632
1641
1643
1650
1657
1664
1673
1680
1683
1687
1691
1698
1703
1709
1714
1718
1724
1732
1738
1744
1751
1759
1766
1775
1780
1783
1785
1796
1805
1811
1820
1823
1833
1836
1843
1850
1860
1871
1878
1881
1885
1893
1900
1906
1910
1916
1921
1925
1935
1942
1948
1958
1970
1976
1983
1992
2001
2005
2010
2018
2024
2031
2034
2040
2046
2051
2056
2066
2074
2081
2085
2091
2098
2102
2109
2118
2129
2141
2148
2158
2167
2170
2176
2180
2186
2194
2206
2210
2212
