0
11
12
16
23
26
31
41
45
53
59
65
69
79
91
99
106
113
124
137
144
153
161
168
173
198
208
215
225
232
237
242
246
255
258
265
276
282
293
296
301
311
322
328
335
341
345
357
362
371
373
381
387
392
403
408
416
424
432
441
454
466
472
479
484
499
509
519
526
534
541
547
555
562
570
579
582
585
590
599
604
612
618
626
639
650
654
660
666
669
675
685
695
700
707
714
723
733
742
752
759
765
772
777
786
797
802
812
818
826
843
848
854
867
872
880
887
890
902
912
920
929
935
945
950
958
963
971
977
983
989
995
1004
1018
1025
1037
1047
1053
1058
1063
1075
1081
1088
1099
1113
1118
1124
1142
1151
1159
1163
1177
1183
1194
1200
1208
1218
1223
1233
1241
1245
1256
1265
1272
1278
1284
1292
1299
1310
1314
1320
1323
1330
1339
1343
1347
1351
1357
1362
1373
1379
1391
1397
1403
1414
1422
1430
1437
1451
1459
1464
1471
1475
1483
1489
1494
1500
1506
1510
1519
1524
1528
1537
1542
1550
1558
1570
1577
1581
1590
1596
1610
1614
1622
1631
1640
1644
1654
1658
1667
1672
1684
1693
1702
1707
1720
1726
1737
1745
1756
1768
1774
1776
