0
10
13
17
22
31
39
46
51
56
64
71
75
79
83
85
90
93
100
105
107
112
115
119
123
129
136
146
149
153
156
164
168
177
185
190
200
215
220
225
230
234
240
249
253
257
261
268
276
284
290
297
301
309
317
321
326
336
339
343
349
353
355
359
363
371
384
392
402
407
411
415
417
424
427
432
439
446
452
457
466
471
476
489
494
502
508
514
525
530
532
542
549
555
565
570
578
587
594
600
613
619
629
638
650
660
666
675
680
686
691
699
705
711
725
731
736
745
755
762
770
774
779
788
793
796
802
807
811
817
822
833
840
844
850
853
856
860
869
876
884
893
901
912
918
921
928
933
944
945
948
