0
10
16
19
25
32
38
45
51
55
59
70
75
82
90
95
99
104
108
116
122
130
133
138
142
149
154
162
169
175
179
187
199
205
210
215
222
227
231
235
240
243
246
250
256
261
269
277
286
290
295
299
303
307
310
315
319
330
333
338
342
346
352
357
362
370
374
378
384
388
399
406
410
415
419
424
431
435
439
446
451
455
457
461
464
470
477
484
492
495
497
502
507
511
517
522
527
533
539
542
549
553
559
563
568
572
576
580
587
594
599
604
611
616
624
631
637
644
652
656
662
666
670
677
684
690
694
699
705
708
712
716
721
733
740
750
759
765
771
775
782
784
790
794
797
803
812
819
824
830
839
851
855
861
866
870
873
880
885
889
897
907
910
914
923
932
938
941
949
951
959
967
972
979
982
987
990
1001
1007
1012
1022
1033
1039
1049
1055
1060
1066
1068
1072
1077
1081
1084
1092
1098
1102
1109
1113
1121
1128
1134
1138
1141
1146
1153
1158
1166
1175
1182
1188
1203
1207
1211
1219
1227
1230
1237
1247
1254
1259
1267
1272
1275
1281
1286
1295
1307
1308
1312
1323
1331
1335
1342
1349
1353
1357
1363
1367
1374
1379
1388
1397
1403
1409
1414
1418
1426
1433
1436
1439
1445
1449
1456
1460
1467
1473
1480
1492
1496
1506
1511
1520
1527
1534
1547
1553
1561
1566
