0
15
19
25
30
36
40
50
63
72
82
87
93
102
110
118
127
135
140
147
154
161
167
171
180
185
189
194
202
210
216
226
234
241
250
260
264
270
276
279
284
289
300
307
315
322
327
337
343
354
366
369
374
382
389
396
400
405
411
417
426
433
441
447
452
460
466
471
478
484
488
494
499
504
513
517
525
535
542
548
558
564
574
586
590
598
605
611
614
625
629
636
644
650
661
668
677
691
696
702
709
714
722
732
743
756
761
772
783
790
798
812
826
832
838
843
848
850
864
866
875
878
887
893
902
905
908
915
921
927
930
936
938
941
955
962
969
975
981
985
990
997
1000
1005
1014
1020
1026
1034
1046
1054
1060
1065
1071
1075
1080
1088
1097
1103
1108
1111
1117
1129
1135
1143
1151
1163
1171
1178
1184
1193
1200
1213
1219
1230
1246
1254
1266
1274
1279
1285
1288
1300
1307
1310
1321
1324
1332
1342
1348
1353
1360
1365
1373
1377
1388
1398
1410
1412
1424
1430
1454
1466
1478
1486
1500
1507
1515
1520
1527
1534
1541
1551
1557
1560
1574
1582
1586
1591
1598
1611
1619
1635
1642
1645
1651
1657
1659
1670
1683
1686
1693
1697
1701
1707
1714
1719
1729
1733
1738
1743
1744
