0
10
11
13
21
29
35
39
50
56
63
74
83
89
92
99
108
114
117
123
130
138
151
157
168
172
184
188
194
203
209
216
226
236
242
255
260
264
270
274
280
291
301
305
310
317
320
329
334
349
357
360
365
371
377
385
388
395
399
406
413
421
425
427
433
441
444
449
457
459
470
476
487
493
497
505
513
515
522
526
534
539
545
560
563
567
577
580
587
589
593
595
600
603
605
609
618
627
633
641
646
662
668
676
685
691
694
700
711
719
724
731
738
746
751
763
773
782
786
793
795
799
804
814
826
846
857
861
868
875
878
888
898
905
909
916
921
926
929
