0
10
15
20
28
39
43
47
53
56
61
69
76
86
93
98
102
111
117
124
128
136
142
146
151
156
165
172
177
181
191
197
202
205
210
217
227
232
238
244
254
260
269
278
293
295
302
304
308
317
321
338
343
353
362
367
379
385
390
395
399
408
416
426
436
440
448
456
461
472
477
493
498
504
509
515
520
527
535
538
550
551
565
568
574
580
587
594
597
602
609
619
625
629
637
642
646
654
660
673
678
681
689
691
702
710
713
723
730
738
741
751
757
764
769
779
787
797
811
819
822
828
835
841
847
853
860
871
877
885
890
901
908
917
923
930
939
946
