0
10
13
15
20
29
36
42
50
65
75
77
83
91
101
108
113
118
127
129
133
136
148
160
171
179
188
194
204
210
212
220
227
233
239
248
257
266
271
278
291
296
309
316
322
331
343
355
358
365
372
380
383
386
392
398
407
412
424
427
430
440
446
456
462
465
472
485
490
500
504
507
514
524
526
534
538
548
552
563
569
582
595
609
616
620
624
628
631
639
651
656
660
667
674
678
685
692
700
708
717
724
728
740
754
758
765
773
776
783
786
796
803
809
816
825
830
838
844
849
858
864
870
874
882
890
898
906
915
924
936
942
950
960
972
977
986
992
1011
1023
1036
1056
1066
1084
1098
1099
1100
1109
1122
1133
1141
1147
1155
1167
1173
1179
1184
1192
1202
1217
1225
1234
1238
1246
1252
1259
1264
1269
1278
1283
1291
1298
1302
1317
1323
1334
1342
1351
1356
1368
1376
1387
1397
1404
1413
1419
1424
1434
1446
1454
1462
1472
1473
1482
1490
1500
1512
1523
1535
1541
1546
1553
1556
1566
1576
1583
1592
1595
1599
1608
1616
1620
1625
1631
1643
1657
1662
1671
1681
1688
1695
1704
1710
1714
1721
1728
1741
1752
1767
1773
1783
1785
1791
1802
1807
1813
1815
1824
1829
1844
1863
1874
1882
1903
1920
1931
1933
1942
1963
1970
1972
1977
1980
1983
1991
2001
2013
2025
2030
