0
10
15
19
26
34
43
52
57
63
66
73
75
81
84
87
93
97
101
104
108
113
116
124
131
134
139
147
155
158
166
170
174
179
186
191
195
199
207
212
217
224
232
243
250
255
267
273
282
286
292
298
304
307
311
317
324
328
334
343
346
350
354
357
360
367
371
376
383
386
392
404
409
412
418
425
431
437
442
448
454
459
462
467
473
481
487
492
498
505
510
517
523
528
532
537
543
554
557
562
568
572
576
579
584
590
596
603
615
617
622
625
631
636
641
646
654
660
663
675
683
690
696
701
706
711
715
721
727
732
736
740
747
752
757
759
768
773
