0
3
9
10
13
19
30
35
43
51
58
66
75
85
89
109
113
126
135
140
148
151
154
156
159
164
167
171
180
188
195
203
209
213
219
225
230
232
240
247
251
256
260
264
270
274
280
286
292
303
307
313
317
321
329
331
338
344
352
361
364
370
382
388
392
393
400
403
411
418
425
431
436
442
450
460
469
474
479
489
495
501
506
509
514
523
530
538
544
549
556
563
568
578
582
589
592
599
602
609
616
619
626
636
643
653
655
660
664
672
678
685
693
694
699
703
707
712
721
725
733
735
745
753
758
765
771
776
783
794
798
806
811
814
823
831
839
844
848
855
860
865
871
878
883
890
897
906
907
916
918
928
937
946
948
