0
10
15
21
30
36
40
49
60
70
75
82
90
101
108
112
116
122
129
135
140
145
152
158
162
168
178
180
185
193
198
207
215
224
231
234
240
244
254
259
266
273
278
284
295
301
305
312
315
323
332
337
344
352
356
366
371
376
381
386
390
395
401
408
414
420
426
428
434
439
447
454
459
466
473
479
482
487
493
504
512
518
522
531
538
548
552
558
564
570
577
585
591
597
607
619
628
634
650
656
663
666
678
687
696
708
715
721
726
737
743
751
759
768
779
787
790
797
807
818
828
835
844
852
860
868
872
884
888
892
899
905
911
922
937
943
953
961
966
970
976
982
986
994
1006
1012
1022
1028
1038
1052
1058
1062
1066
1075
1081
1090
1097
1104
1112
1119
1123
1129
1138
1144
1156
1161
1165
1172
1179
1184
1191
1201
1208
1219
1224
1231
1238
1250
1255
1264
1274
1279
1284
1295
1301
1307
1314
1320
1332
1344
1352
1359
1364
1370
1387
1396
1401
1407
1414
1422
1427
1432
1438
1446
1455
1461
1472
1475
1482
1490
1497
1501
1508
1515
1519
1524
1531
1538
1543
1547
1552
1559
1568
1572
1576
1582
1587
1595
1601
1607
1615
1620
1624
1636
1641
1649
1661
1670
1673
1678
1684
1693
1700
1705
1710
1716
1721
1728
1734
1738
1743
1753
1761
1765
1771
1779
1783
1794
1800
1808
1812
1822
1831
1842
1862
1870
1879
1888
1893
1898
1908
1910
