0
10
11
14
23
32
35
47
57
63
74
82
93
103
110
120
128
135
146
152
158
163
166
173
182
189
192
197
211
218
228
239
251
259
269
278
284
294
303
309
315
328
336
343
347
357
363
373
374
382
386
392
398
404
411
415
419
429
436
441
448
456
462
472
477
493
499
507
514
523
529
537
542
546
553
561
571
578
589
596
606
608
622
630
640
646
655
660
672
678
688
696
704
715
725
729
738
750
759
767
774
784
788
798
801
816
821
824
833
841
850
859
869
872
878
884
893
901
906
915
923
936
945
950
954
964
970
973
989
1003
1009
1016
1024
1031
1036
1049
1055
1060
1065
1076
1078
1082
1088
1090
1098
1105
1110
1124
1132
1141
1148
1157
1162
1175
1188
1201
1209
1220
1224
1234
1245
1247
1254
1257
