0
4
10
14
22
23
28
35
55
62
67
76
79
87
91
96
101
104
111
121
127
134
139
144
156
167
177
182
194
198
205
224
231
245
251
257
260
270
276
283
289
302
309
312
317
323
336
345
354
359
375
380
385
392
405
416
425
429
440
447
455
465
467
479
490
499
508
515
524
537
545
550
563
574
581
592
603
611
620
631
639
646
650
657
663
670
673
683
695
702
708
714
721
726
731
744
756
767
773
779
785
789
798
807
813
820
825
833
842
851
859
872
881
888
896
901
907
911
920
925
932
940
952
955
965
970
973
979
985
990
994
1006
1019
1025
1033
1043
1054
1060
1065
1073
1079
1084
1093
1097
1105
1117
1132
1138
1145
1160
1166
1183
1190
1191
1196
1201
1203
1210
1218
1221
1225
1230
1235
1237
1243
1252
1262
1267
1275
1284
1290
1298
1304
1309
1314
1325
1330
1333
1338
1343
1348
1352
1355
1357
1367
1371
1375
1380
1383
1391
1397
1403
1412
1414
1419
1429
1437
1441
1446
1450
1454
1459
1462
1473
1479
1481
1486
1488
1493
1498
1503
1512
1515
1520
1526
1530
1532
1537
1557
1564
1569
1578
1585
1591
1603
1608
1616
1621
1625
1635
1640
1646
1651
1655
1658
1661
1666
1673
1682
1685
1689
1700
1703
1707
1714
1720
1727
1733
1739
1746
1753
1756
1764
1772
1776
1781
1785
1789
1793
1798
1801
1812
1815
1817
1823
1829
1832
1838
1842
1846
1850
1855
1864
1868
1876
1880
1882
1888
1901
1906
1907
