1
10
13
19
24
47
59
68
78
90
100
106
117
127
141
144
156
160
165
177
186
210
222
227
234
239
250
259
265
272
281
289
297
304
315
326
329
333
338
348
360
368
376
390
395
410
412
422
429
433
441
447
455
462
471
479
482
489
494
501
508
515
521
523
537
558
564
574
580
591
605
616
621
628
635
646
653
664
671
676
685
692
694
702
713
721
733
743
755
768
772
781
784
792
801
809
816
823
829
838
842
848
853
857
861
876
879
888
900
906
913
927
933
936
945
951
958
971
974
987
1000
1005
1014
1023
1027
1036
1047
1053
1061
1075
1083
1090
1113
1127
1133
1143
1154
1163
1170
1172
1177
1186
1193
1199
1211
1217
1226
1237
1244
1252
1260
1269
1275
1284
1302
1308
1315
1322
1331
1338
1342
1348
1359
1374
1382
1386
1402
1410
1424
1435
1447
1461
1467
1477
1482
1488
1496
1502
1509
1517
1529
1536
1541
1553
1569
1580
1588
1595
1598
