0
10
13
16
21
23
27
31
38
45
55
60
65
68
74
80
86
93
102
110
118
124
129
133
139
143
150
154
158
161
167
172
179
186
190
197
202
208
216
224
228
235
242
249
256
263
268
275
282
290
294
299
310
315
321
324
329
338
344
350
357
360
364
373
377
388
392
397
402
407
412
417
425
431
439
444
452
457
464
471
477
487
491
498
504
510
515
522
527
531
538
547
556
565
571
576
584
592
598
605
610
619
623
628
635
643
649
657
663
666
673
678
681
685
693
705
710
715
724
730
736
743
747
754
762
767
775
787
795
807
815
822
827
831
841
847
855
862
868
875
879
889
893
897
903
911
922
929
936
945
953
960
966
969
973
983
991
1000
1009
1016
1023
1027
1032
1033
1035
1040
1048
1052
1059
1061
1065
1069
1076
1082
1087
1094
1098
1103
1108
1118
1123
1128
1132
1137
1140
1147
1152
1155
1158
1162
1171
1178
1184
1189
1194
1198
1201
1206
1216
1221
1224
1232
1236
1243
1247
1255
1261
1266
1267
1272
1279
1287
1299
1305
1311
1317
1322
1329
1335
1340
1348
1356
1364
1370
1375
1384
1390
1397
1405
1408
1416
1424
1430
1432
1445
1454
1459
1463
1468
1478
1483
1486
1492
1500
1507
1513
1520
1525
1532
1537
1543
1549
1556
1561
1577
1585
1591
1597
1603
1610
1616
1623
1629
1635
1639
1647
1654
1661
1666
1673
1675
1678
1684
1692
1699
1705
1708
1712
1715
1725
1732
1742
1748
1753
1756
1763
1769
1778
1786
1792
1796
1803
1811
1816
1821
1828
1835
1841
1847
1849
1853
1858
1863
1869
1873
1879
1884
1890
1893
1896
1899
1905
1911
1916
1924
1930
1938
1946
1950
1955
1961
1969
1974
1979
1981
1986
1992
1996
2002
2009
2012
2018
2024
2027
2029
