0
3
10
12
16
23
30
32
41
46
51
54
58
65
74
79
85
99
103
113
115
120
127
135
141
149
153
159
165
169
173
178
184
188
190
196
207
212
218
224
232
237
244
249
254
258
267
272
279
282
287
290
294
301
307
315
320
329
337
340
342
348
361
369
374
381
386
391
405
412
414
416
423
428
434
438
446
451
465
480
483
492
495
501
505
513
516
523
533
540
543
557
567
569
575
577
592
594
605
611
617
625
630
638
648
655
664
670
680
685
690
697
702
708
713
720
730
734
741
752
760
765
770
777
783
792
801
807
813
817
822
828
833
837
846
855
861
867
874
877
881
884
890
895
909
916
921
927
930
935
940
949
955
962
966
972
978
981
983
