0
10
14
21
37
42
50
56
66
69
76
82
88
95
104
107
112
117
120
123
125
130
134
139
147
151
154
160
164
170
174
179
186
193
198
203
212
214
219
224
229
235
239
245
251
257
271
278
282
289
293
302
305
313
316
325
332
335
337
341
345
349
351
357
364
368
373
377
380
391
394
402
406
412
417
422
428
431
434
437
442
444
451
456
462
465
471
474
483
486
492
500
503
515
520
527
533
538
541
545
551
556
563
573
577
585
589
595
601
603
608
613
618
627
635
640
645
656
660
672
681
688
693
697
705
709
717
724
729
735
742
749
751
756
762
766
770
778
782
784
791
795
810
819
821
828
831
837
845
850
857
862
868
876
885
887
894
902
908
909
918
922
927
929
934
938
943
949
957
962
968
976
982
987
993
998
1004
1007
1011
1016
1022
1029
1031
1038
1043
1049
1055
1060
1064
1070
1072
1076
1080
1085
1090
1094
1101
1108
1115
1117
1121
1127
1128
1132
1137
1142
1150
1153
1157
1161
1164
1169
1177
1179
1183
1190
1196
1205
1209
1212
1216
1223
1227
1234
1238
1241
1246
1250
1253
1258
1261
1263
1268
1273
1274
