0
4
10
15
20
28
34
39
49
57
66
75
79
85
90
94
100
107
113
116
124
130
133
140
144
147
151
156
161
170
173
180
185
191
199
208
213
218
227
237
246
253
263
271
275
281
284
288
297
304
316
321
324
329
335
338
341
348
356
361
365
375
378
384
388
395
399
403
406
409
414
419
422
428
433
440
443
448
452
460
464
469
474
481
487
494
503
510
515
518
529
536
545
548
554
558
562
567
574
579
584
589
598
609
616
624
632
639
649
655
662
681
687
692
698
703
713
721
724
732
738
747
752
758
762
772
777
784
787
793
798
809
814
819
826
832
840
844
850
855
862
868
875
878
884
891
898
902
907
913
919
929
938
948
952
960
964
972
982
991
994
1001
1005
1017
1024
1030
1039
1042
1045
1050
1058
1062
1069
1074
1083
1088
1091
1097
1101
1107
1111
1116
1119
1125
1130
1138
1144
1147
1150
1153
1158
1162
1167
1175
1181
1186
1192
1200
1206
1217
1222
1228
1231
1235
1241
1247
1257
1263
1268
1271
1278
1286
1293
1298
1306
1311
1315
1321
1333
1345
1348
1354
1364
1370
1375
1377
1383
1387
1392
1397
1407
1409
1423
1428
1436
1445
1461
1475
1480
1486
1488
1496
1501
1505
1512
1520
1527
1533
1538
1544
1547
1552
1555
1561
1567
1573
1579
1585
1591
1595
1598
1607
1610
1616
1621
1631
1640
1649
1657
1662
1667
1672
1680
1691
1697
1704
1707
1710
1720
1727
1736
1753
1756
1762
1770
1777
1781
1787
1794
1800
1805
1815
1819
1824
1831
1838
1847
1850
1858
1860
