0
10
23
29
35
41
45
51
58
62
70
75
79
81
88
91
98
101
106
117
120
129
137
139
146
153
158
162
166
172
176
182
189
193
203
211
213
217
226
230
237
241
247
257
262
266
272
284
288
293
299
308
323
330
334
341
346
348
355
362
370
381
388
393
396
401
409
420
424
433
441
447
450
457
467
475
480
491
505
509
512
520
523
527
535
539
549
565
569
576
582
588
592
596
602
608
617
629
637
648
659
663
669
674
681
693
700
707
713
720
724
737
741
755
765
776
791
795
812
821
826
834
838
846
852
868
874
880
884
891
897
911
917
921
927
932
939
946
947
951
