0
3
10
14
17
22
26
30
43
46
49
56
61
67
71
76
83
90
96
100
106
112
117
126
132
136
143
148
152
154
158
163
174
177
185
191
197
200
205
209
210
215
220
224
229
238
244
248
253
258
263
267
273
280
283
289
299
312
317
323
330
337
349
353
357
363
370
378
386
396
404
409
417
425
432
438
446
458
463
468
473
478
484
495
501
515
520
527
530
535
543
553
558
563
569
577
580
587
596
602
606
619
626
635
643
650
654
657
662
667
673
678
690
694
701
708
715
720
728
734
741
751
759
766
772
781
786
791
802
807
814
821
827
837
842
846
850
858
865
873
882
886
891
900
904
911
917
920
925
933
937
952
957
960
968
975
980
990
994
1002
1009
1014
1018
1025
1037
1043
1049
1056
1063
1070
1076
1084
1089
1103
1110
1113
1118
1121
1127
1133
1139
1143
1147
1155
1160
1164
1172
1178
1184
1189
1195
1201
1210
1213
1217
1222
1229
1236
1244
1248
1249
