1
10
12
20
33
44
48
56
73
80
86
88
97
108
111
117
122
125
128
136
141
144
148
155
163
167
174
178
181
184
191
196
202
209
214
218
223
228
238
248
250
261
266
272
276
280
283
285
291
298
308
315
327
342
347
350
358
364
369
376
383
391
395
402
412
419
425
430
436
448
450
461
469
471
478
490
494
501
511
515
522
526
531
537
544
548
555
568
573
577
590
597
607
616
620
623
631
637
643
645
656
663
670
678
688
692
697
702
709
717
724
727
731
734
738
743
747
752
757
762
768
772
779
782
790
798
806
813
822
827
829
833
836
843
850
856
859
868
872
879
886
894
899
905
908
913
921
926
934
938
944
951
956
963
972
978
983
992
1001
1006
1011
1017
1028
1039
1044
1054
1060
1071
1085
1094
1102
1108
1117
1121
1128
1139
1147
1151
1157
1163
1171
1176
1186
1190
1194
1204
1216
1226
1231
1235
1243
1249
1251
1256
1266
1277
1280
1287
1296
1311
1316
1327
1331
1338
1346
1359
1372
1376
1389
1395
1406
1417
1432
1437
1445
1446
1451
1455
