0
10
16
21
31
37
47
51
57
65
71
81
94
103
119
125
131
137
145
155
159
168
175
182
189
193
201
208
214
225
234
239
249
254
260
269
274
280
288
292
298
303
309
316
323
330
337
344
350
362
365
376
379
386
395
402
406
411
415
421
431
443
451
456
460
472
486
491
498
508
511
518
524
531
538
548
556
564
570
577
584
586
598
607
616
625
631
637
643
647
651
658
664
672
677
684
690
696
703
713
723
728
735
746
755
762
772
778
790
797
806
813
825
836
842
853
864
873
882
888
893
903
910
916
924
928
934
944
955
970
998
1008
1010
