0
10
13
21
38
42
48
59
68
78
82
88
99
112
121
124
126
130
132
139
142
146
154
159
160
164
171
174
182
186
189
193
206
222
229
232
248
262
268
277
285
290
297
306
310
321
325
330
337
343
346
352
363
372
377
384
390
393
403
407
414
421
425
429
432
438
443
449
456
460
470
474
479
486
493
499
503
510
516
523
526
530
537
542
547
551
558
564
571
575
586
591
600
608
612
621
628
632
641
645
651
657
663
666
673
676
683
688
693
705
713
720
729
733
736
754
762
780
788
792
797
805
817
821
832
837
854
859
864
869
876
881
889
895
908
915
920
930
936
939
948
953
961
968
973
980
984
989
993
996
999
1004
1011
1019
1024
1031
1040
