0
3
10
14
16
25
33
37
42
50
58
64
68
74
81
87
95
97
100
107
112
120
126
132
137
145
151
157
160
166
170
177
184
192
200
204
209
212
221
233
238
244
251
259
266
274
280
287
296
301
312
314
318
321
327
334
338
353
357
360
364
369
375
380
387
393
397
401
408
414
424
431
435
441
446
449
454
458
466
469
472
476
482
490
499
504
509
514
517
521
530
533
542
547
552
559
566
569
574
576
579
585
594
603
611
619
627
635
643
649
656
661
672
678
687
692
701
708
714
719
723
730
740
746
758
767
771
777
782
785
789
796
800
804
810
815
823
826
836
844
855
859
863
866
873
877
882
891
898
901
903
