1
10
11
16
23
30
34
38
44
51
57
59
62
66
71
76
80
84
89
93
98
102
106
109
114
115
121
126
132
139
143
151
157
161
166
168
174
179
181
186
190
192
200
205
211
215
217
223
230
234
239
245
251
252
255
260
264
269
276
283
284
290
307
310
316
333
341
346
352
356
364
369
374
381
386
390
398
402
408
418
425
432
441
453
460
470
474
476
480
484
492
495
504
509
514
519
524
528
532
537
545
550
552
556
560
566
575
580
585
597
602
613
619
635
644
646
651
657
658
664
668
674
681
687
694
704
711
715
723
729
746
752
759
763
771
775
780
783
787
791
795
800
805
811
815
817
824
831
836
841
847
858
864
870
876
881
887
893
899
903
909
914
922
926
931
939
945
953
962
966
973
980
984
995
1000
1004
1013
1016
1023
1027
1029
1033
1037
1042
1064
1071
1077
1085
1092
1099
1104
1107
1112
1117
1123
1129
1135
1142
1149
1153
1155
1160
1167
1174
1180
1185
1191
1196
1203
1210
1232
1238
1243
1254
1267
1273
1285
1290
1292
1294
1299
1305
1314
1322
1329
1337
1352
1356
1360
1366
1372
1377
1380
1383
1390
1394
1397
1404
1408
1415
1422
1427
1433
1440
1446
1454
1465
1470
1480
1485
1491
1504
1512
1519
1527
1535
1540
1548
1554
1560
1567
1574
1578
1583
1590
1596
1598
1604
1613
1617
1622
1626
1629
1631
1634
