0
17
23
28
32
39
43
49
61
66
70
78
82
88
92
100
105
110
114
117
121
124
131
137
145
153
155
160
166
172
175
181
188
193
197
204
211
218
226
228
234
239
246
248
252
256
259
265
272
279
286
292
298
304
309
315
319
327
333
342
346
355
363
367
372
376
384
392
398
405
411
414
418
424
427
432
438
446
452
456
461
466
472
479
485
492
496
502
508
516
526
532
535
545
553
561
565
572
578
588
594
599
606
611
616
623
627
633
638
644
653
659
666
673
680
685
697
701
707
715
720
728
734
741
749
752
756
764
773
778
784
793
799
809
813
819
822
830
835
844
850
856
865
873
880
885
891
900
905
912
916
923
928
933
940
946
948
953
958
964
968
975
980
984
990
997
1003
1010
1020
1026
1035
1040
1046
1054
1058
1067
1073
1080
1087
1092
1097
