1
10
16
20
26
29
36
41
49
59
66
72
79
88
92
101
107
118
127
133
140
144
153
162
168
176
186
191
197
202
213
217
222
227
237
243
254
263
268
276
282
288
294
305
309
312
316
322
328
331
341
353
357
362
371
381
387
399
408
411
421
428
431
434
437
444
454
461
470
480
484
490
495
504
509
512
522
527
534
542
550
557
563
570
578
590
597
599
603
609
615
619
623
637
643
646
650
656
660
664
673
679
691
697
703
710
715
722
733
745
752
763
769
774
783
788
793
801
808
822
829
841
848
855
874
882
898
905
916
918
926
933
941
958
966
976
984
992
998
1006
1014
1025
1027
