0
10
16
18
29
41
51
57
76
77
87
96
102
104
107
112
116
121
130
140
149
151
157
166
176
184
189
195
197
206
213
220
228
239
242
246
249
254
259
268
269
273
278
287
291
298
303
314
321
328
335
338
345
350
355
373
382
387
389
396
398
406
412
422
428
436
441
450
457
469
478
485
490
496
501
505
509
523
525
535
549
550
552
554
564
578
589
605
608
620
624
628
634
638
644
653
661
670
676
683
687
692
695
705
711
726
730
737
754
758
764
772
784
791
795
803
810
816
818
822
827
833
844
849
851
855
857
862
867
878
893
900
909
915
920
926
934
943
952
961
969
976
981
992
996
999
1004
1008
1021
1029
1033
1042
1048
1058
1069
1074
1084
1089
1100
1104
1108
1119
1122
1128
1141
1144
1150
1157
1164
1174
1180
1187
1199
1202
1211
1218
1221
1229
1234
1242
1250
1260
1267
1276
1283
1289
1294
1301
1313
1320
1322
1325
1328
1330
1335
1339
1347
1350
1361
1365
1370
1376
1384
1389
1394
1401
1405
1409
1418
1425
1430
1433
1441
1450
1455
1462
1479
1482
1486
