0
10
13
20
31
44
50
60
69
73
86
95
100
104
110
114
116
120
130
138
142
145
153
158
165
176
187
193
203
208
215
222
226
229
235
239
242
247
255
258
262
272
280
283
297
300
307
314
322
328
334
338
344
352
357
363
371
378
383
385
390
393
397
407
413
417
421
432
438
441
452
457
464
469
474
478
487
493
496
503
507
516
520
523
529
537
541
552
558
562
567
569
571
575
581
593
597
604
612
620
627
631
638
642
647
654
659
664
668
670
676
686
694
697
702
713
725
734
738
747
749
754
761
771
780
783
785
791
797
800
801
806
818
824
831
838
840
842
847
850
853
856
859
861
864
867
869
876
878
890
893
903
910
913
918
927
930
932
939
944
946
951
956
961
964
969
978
982
985
992
998
1004
1012
1015
1022
1025
1026
1029
1031
1035
1042
1049
1053
1057
1059
1064
1071
1079
1085
1088
1093
1096
1109
1115
1118
1126
1138
1140
1146
1150
1161
1166
1169
1178
1184
1188
