0
10
14
20
25
34
41
47
54
58
65
74
77
80
84
89
98
105
113
118
121
127
130
134
145
152
159
168
172
178
181
184
189
191
197
202
206
213
222
225
230
234
240
244
247
251
258
265
271
274
278
287
298
306
315
327
329
337
345
351
359
364
370
376
382
386
388
393
396
401
406
415
421
428
432
435
442
450
455
462
466
470
474
484
492
499
506
511
513
519
523
530
536
543
546
552
560
567
569
574
577
585
588
591
597
614
623
626
633
642
657
664
672
676
677
689
695
699
709
714
719
723
728
734
742
747
749
760
765
772
778
783
788
795
802
807
811
816
831
838
843
849
853
860
866
872
876
885
897
901
909
912
916
924
932
936
946
955
958
964
969
976
986
988
995
1004
1007
1013
1017
1023
1027
1033
1038
1043
1048
1053
1059
1066
1072
1078
1082
1086
1092
1096
1100
1106
1110
1117
1119
1123
1128
1135
1144
1152
1156
1162
1166
1172
1182
1184
1192
1203
1209
1212
1218
1224
1231
1238
1245
1248
1254
1264
1271
1278
1285
1290
1295
1301
1304
1311
1318
1327
1335
1342
1347
1355
1364
1369
1374
1378
1385
1392
1401
1409
1417
1424
1429
1436
1441
1448
1454
1458
1465
1472
1477
1482
1490
1497
1502
1510
1515
1525
1530
1540
1544
1550
1560
1567
1571
1578
1583
1593
1598
1604
1607
1617
1628
1637
1641
1651
1659
1666
1671
1678
1686
1692
1699
1706
1709
