0
10
15
21
29
36
52
59
69
76
83
91
95
105
113
117
131
138
144
157
164
171
176
180
184
191
195
200
207
212
220
226
230
236
238
242
245
251
254
257
259
262
265
270
278
283
289
295
303
308
317
327
336
343
351
357
366
374
379
382
386
395
401
406
415
424
435
441
447
452
457
462
467
468
475
481
493
500
509
523
528
533
535
537
538
546
547
551
558
563
572
580
593
600
607
613
620
625
633
641
649
655
670
675
683
688
694
698
705
711
718
725
730
738
744
751
761
770
780
786
792
799
809
814
822
825
839
846
853
858
867
872
880
897
902
910
916
921
929
933
936
942
948
959
963
973
984
994
1002
1009
1018
1022
1029
1036
1044
1049
1062
1066
1069
1074
1080
1082
1096
1100
1105
1111
1117
1123
1129
1134
1142
1154
1167
1172
1181
1188
1204
1212
1224
1227
1233
1240
1251
1261
1265
1274
1277
1285
1295
1296
1303
1307
1311
