0
3
10
14
19
27
31
35
39
42
49
57
64
73
83
89
102
114
120
123
127
134
139
143
146
150
155
161
171
177
181
186
191
195
201
207
212
216
223
229
234
237
241
245
254
258
265
269
275
277
282
288
290
295
300
305
309
315
318
329
332
338
342
345
349
355
364
369
375
381
385
391
401
405
409
415
418
425
429
433
438
443
455
460
463
466
468
472
478
482
489
495
498
507
512
515
519
523
534
539
544
548
552
555
561
563
567
572
580
585
589
595
600
605
609
616
620
629
634
640
646
652
658
663
667
671
676
678
683
688
692
700
714
715
726
735
738
745
752
755
757
759
762
765
769
776
780
786
796
801
808
812
816
820
825
828
830
