1
10
15
20
41
44
48
53
56
63
71
76
77
80
83
97
109
117
128
143
148
155
161
167
174
180
190
200
206
211
225
239
245
256
264
268
277
292
300
315
321
322
323
327
335
341
347
353
356
365
375
378
393
398
408
413
422
428
433
439
446
455
460
465
473
483
491
503
508
516
521
528
533
538
545
552
557
563
572
577
584
591
595
604
612
625
627
632
636
641
651
656
666
669
677
686
695
708
715
725
734
739
746
754
764
772
778
787
792
796
806
810
818
823
836
842
845
848
853
857
864
876
881
890
899
917
923
930
945
954
964
968
978
1000
1008
1013
1015
1018
1021
1026
1030
1037
1042
1047
1049
1053
1058
1062
1065
1075
1081
1088
1090
1101
1108
1111
1123
1129
1134
1140
1142
1143
1153
