0
4
10
12
16
17
19
23
29
36
42
50
64
70
82
98
115
121
128
137
144
149
155
158
164
169
176
180
189
195
204
212
217
220
227
232
239
248
260
267
274
280
285
293
301
305
319
330
335
340
347
354
361
368
375
381
387
392
397
404
410
418
425
432
439
446
451
458
468
475
482
489
497
504
509
511
515
518
525
543
550
559
564
571
578
588
592
597
599
601
602
605
607
611
614
618
623
632
639
646
655
661
665
667
672
678
681
688
694
700
710
721
731
741
752
757
764
769
774
782
786
796
800
804
811
817
819
826
828
834
838
844
851
856
862
875
880
892
898
906
914
932
939
943
947
950
955
962
969
978
992
998
1009
1013
1020
1029
1032
1042
1050
1055
1064
1071
1081
1089
1096
1108
1117
1125
1132
1137
1142
1147
1151
1155
1163
1166
1174
1178
1184
1190
1194
1199
1203
1208
1216
1221
1226
1229
1233
1236
1241
1246
1252
1259
1265
1267
1270
1274
1278
1283
1288
1291
1297
1304
1310
1318
1323
1327
1336
1341
1350
1357
1362
1365
1369
1373
1378
1383
1387
1391
1401
1408
1413
1418
1421
1426
1431
1438
1439
1444
1446
1448
1457
1471
1481
1484
1491
1495
1501
1507
1515
1525
1533
1537
1540
1551
1561
1565
1569
1582
1592
1597
1606
1612
1621
1625
1627
1634
1638
1643
1648
1658
1665
1673
1680
1684
1693
1698
1702
1707
1718
1722
1727
1732
1736
1743
1748
1755
1760
1768
1771
1779
1784
1793
1798
1809
1817
1821
1829
1836
1840
1850
1858
1864
1870
1881
1886
1897
1905
1912
1919
1924
1931
1943
1947
1957
1962
1969
1977
1983
1990
2001
2004
2006
2008
2010
2012
2014
2018
2021
2023
2029
2031
2032
2035
