0
12
14
18
27
35
47
57
63
77
87
102
112
119
134
139
143
156
160
168
175
186
198
208
224
233
237
257
269
271
274
277
286
296
303
308
311
318
323
327
333
342
350
355
362
366
371
376
390
398
403
411
424
429
439
447
451
461
466
473
480
487
493
500
510
515
525
529
534
543
552
557
564
569
574
582
592
597
600
607
613
621
628
636
639
651
658
664
669
671
677
683
687
692
700
705
712
719
728
735
742
750
755
760
766
768
774
786
791
793
808
817
822
828
834
838
840
850
856
866
871
880
902
909
917
922
928
929
930
939
948
956
966
969
975
978
987
993
1006
1012
1020
1024
1035
1040
1042
1051
1060
1066
1074
1084
1095
1109
1113
1125
1128
1129
1138
1141
1148
1154
1159
1169
1177
1180
1187
1197
1204
1212
1226
1230
1234
1247
1254
1264
1269
1272
1282
1288
1296
1301
1312
1315
1322
1329
1336
1344
1356
1363
1369
1378
1385
1392
1395
1405
1416
1429
1444
1448
1455
1457
1459
1464
1471
1481
1486
1495
1502
1513
1524
1533
1540
1549
1559
1568
1575
1586
1592
1594
