0
10
15
23
28
40
51
61
70
74
80
86
97
102
108
113
119
124
131
141
154
160
164
175
187
195
210
216
225
234
239
245
259
267
273
283
298
310
317
326
331
337
345
354
360
366
372
383
394
400
407
413
422
424
434
446
461
467
473
479
498
509
514
521
533
540
558
564
571
575
588
592
595
604
610
625
633
641
646
657
662
667
682
687
693
705
718
726
736
740
748
753
761
768
782
793
799
801
810
819
837
842
846
852
860
867
872
881
886
897
904
913
922
937
944
949
961
974
978
981
991
1004
1013
1022
1028
1040
1045
1053
1062
1069
1072
1082
1087
1097
1105
1115
1124
1136
1148
1163
1167
1184
1187
1198
1205
1216
1223
1234
1240
1250
1257
1267
1273
1286
1297
1312
1318
1323
1332
1341
1361
1369
1380
1390
1396
1397
1402
1405
1414
1421
1427
1437
1442
1450
1457
