0
10
15
19
28
50
63
67
83
86
90
98
106
111
119
127
140
150
157
163
170
179
192
203
207
214
223
233
245
252
264
275
288
298
307
309
315
318
331
337
344
353
365
377
386
396
406
414
420
427
434
437
444
449
459
463
469
475
485
490
497
509
515
523
532
542
548
560
568
578
589
599
607
617
627
632
635
642
646
653
659
663
668
682
692
702
711
719
735
743
746
758
763
771
776
784
793
800
809
815
836
847
854
863
874
882
886
894
902
912
917
923
929
936
964
970
978
992
1007
1017
1025
1031
1037
1044
1055
1062
1068
1077
1085
1090
1097
1104
1111
1115
1119
1123
1130
1141
1151
1161
1174
1184
1194
1202
1209
1223
1231
1242
1257
1265
1276
1283
1292
1307
1314
1320
1330
1340
1348
1362
1365
1370
1382
1393
1399
1410
1420
1425
1435
1443
1449
1459
1473
1490
1501
1511
1519
1531
1537
1543
1548
1560
1566
1578
1582
1591
1597
1606
1614
1620
1633
1647
1656
1662
1672
1684
1693
1701
1708
1722
1729
1735
1743
1747
1755
1763
1769
1778
1786
1801
1808
1819
1830
1833
1841
1843
1847
1854
1861
1865
1869
1871
