1
10
12
21
28
39
49
59
69
75
81
88
90
98
103
111
122
126
133
141
149
154
165
170
175
179
185
188
194
197
200
203
208
215
224
229
237
242
252
256
262
270
273
282
288
291
300
307
311
321
330
333
338
343
350
355
366
369
374
382
387
392
398
409
418
427
432
437
441
446
454
461
475
480
490
497
501
506
518
525
535
545
553
560
564
570
574
583
591
596
605
609
619
623
627
631
637
646
652
657
668
674
677
682
693
706
714
722
727
733
740
748
752
759
764
772
774
783
792
797
807
816
821
825
837
840
846
848
854
862
865
870
877
883
892
902
915
920
928
931
940
950
960
966
981
985
992
1005
1013
1021
1027
1031
1039
1042
