0
10
14
16
28
35
61
70
75
78
82
85
103
105
109
112
122
128
132
137
139
143
151
163
164
169
180
189
192
213
219
221
231
235
238
239
246
248
252
260
266
278
280
290
298
301
306
318
320
329
331
339
343
347
349
353
360
364
376
380
385
392
401
411
414
426
433
435
441
446
457
464
477
485
490
494
501
506
510
518
521
537
552
559
569
574
580
587
594
601
610
618
623
628
632
636
642
650
655
660
671
685
697
706
710
715
721
729
732
741
746
754
759
764
768
773
777
782
784
786
789
792
796
799
803
807
815
820
825
830
837
843
849
858
864
872
874
895
898
921
927
931
936
942
946
955
969
975
977
985
992
998
1006
1015
1025
1031
1035
1040
1044
1051
1053
1058
1065
1074
1077
1085
1087
1090
1094
1102
1109
1116
1123
1131
1137
1145
1149
1160
1171
1175
1180
1185
1194
1201
1209
1218
1222
1228
1239
1243
1246
1253
1267
1271
1282
1288
1295
1301
1308
1316
1320
1339
1345
1349
1354
1360
1368
1374
1383
1388
1397
1400
1406
1418
1422
1425
1431
1451
1457
1460
1465
1477
1482
1489
1494
1514
1523
1530
1535
1544
1550
1559
1571
1581
1583
1589
1599
1602
1605
1609
1616
1619
1623
1626
1630
1633
1635
1639
1644
1649
1659
1662
1666
1669
1678
1680
1691
1697
1699
1703
1713
1716
1718
1722
1729
1738
1752
1756
1766
1768
1770
1776
1778
1782
1789
1795
1805
1815
1822
1826
1832
1836
1841
1846
1847
1852
1856
1861
1869
1876
1880
1883
1889
1893
1908
1918
1923
1936
1948
1953
1955
1963
1974
1979
1985
1988
2003
2007
2013
2021
2057
2064
2066
2071
2074
2086
2093
2096
