0
4
10
11
14
18
24
31
37
44
49
54
58
62
66
73
75
80
84
89
94
104
107
110
115
120
124
128
130
135
140
144
150
154
160
167
171
178
180
183
190
196
205
210
217
221
231
242
249
254
257
260
266
269
271
273
279
284
289
295
300
304
310
316
321
322
325
331
337
342
344
346
349
355
357
363
367
371
373
378
383
387
393
396
400
407
412
417
420
422
429
434
439
444
450
458
462
467
470
475
477
480
484
487
491
500
504
506
510
515
519
523
526
532
539
544
550
554
559
563
573
582
586
589
594
595
600
603
613
618
625
628
635
638
643
646
649
653
655
659
663
669
672
675
681
686
690
692
695
698
705
710
712
715
726
730
733
738
743
747
753
758
764
769
777
782
789
796
798
803
809
818
824
826
830
837
843
847
855
859
861
872
874
885
887
895
901
906
909
915
920
923
927
930
938
942
946
952
956
958
962
967
975
986
996
998
1004
1013
1021
1027
1034
1041
1046
1052
1058
1063
1068
1073
1078
1081
1084
1092
1097
1104
1109
1114
1123
1128
1134
1137
1142
1150
1153
1155
1174
1178
1185
1201
1205
1207
