0
10
13
17
28
36
44
48
61
68
76
82
100
106
118
129
137
143
149
151
155
157
159
163
168
171
176
180
191
195
203
207
218
226
233
238
245
249
254
258
262
269
283
295
302
309
319
325
338
347
355
358
367
370
375
380
393
397
404
409
413
419
426
429
439
443
454
465
485
489
496
502
506
514
517
525
530
535
538
544
550
559
565
569
575
584
590
597
602
609
623
627
637
642
649
657
662
668
680
683
686
693
699
709
713
716
723
737
748
755
763
771
778
787
792
799
809
817
824
837
845
854
863
873
880
888
897
904
914
922
926
930
940
947
953
961
967
977
982
990
999
1007
1011
1028
1036
1042
1051
1057
1062
1064
1069
1075
1084
1091
1097
1104
1106
