0
3
10
12
16
23
30
33
36
38
42
45
48
52
56
60
71
76
83
88
94
98
105
112
117
120
123
131
139
152
158
167
172
175
180
187
190
196
207
213
221
228
231
237
250
256
259
262
264
268
282
293
300
304
312
319
326
331
340
348
352
356
359
362
367
374
380
387
395
400
402
412
417
422
433
438
442
449
454
458
463
472
476
483
489
496
505
511
518
530
535
538
543
546
554
558
563
567
575
583
587
594
599
604
610
614
623
624
631
635
645
651
658
663
666
674
678
680
685
694
705
708
716
720
722
728
736
744
756
760
764
785
791
795
799
832
836
838
856
863
865
