0
10
14
20
25
31
34
41
43
49
57
66
75
79
80
85
90
99
106
112
122
130
134
138
143
150
156
163
169
177
184
191
197
200
205
216
221
229
236
242
250
258
263
269
275
281
285
296
300
310
316
328
338
345
351
361
368
376
385
392
399
406
412
418
423
437
447
452
456
469
476
481
490
494
499
507
516
520
529
537
544
553
564
571
577
588
596
600
609
615
622
627
637
649
656
661
668
677
686
692
702
707
718
721
729
732
736
746
749
762
773
787
791
808
822
830
834
837
846
855
865
875
883
893
895
906
915
920
935
948
954
957
962
970
982
985
993
1000
1005
1009
1014
1018
1021
1027
1037
1042
1046
1059
1064
1069
1073
1077
1081
1091
1095
1100
1105
1111
1117
1127
1132
1138
1149
1157
1165
1171
1184
1187
1195
1204
1210
1215
1223
1231
1242
1255
1263
1270
1277
1286
1290
1300
1303
1316
1325
1327
1335
1342
1347
1353
1359
1363
1371
1379
1389
1400
1410
1421
1423
1428
1436
