0
2
10
12
13
18
25
32
42
50
60
64
72
81
87
90
98
103
110
117
130
140
142
151
155
163
167
174
183
188
192
197
200
208
212
217
222
228
233
238
243
248
251
254
258
265
270
276
285
289
292
297
301
307
315
321
329
332
339
346
351
359
366
370
379
386
394
398
403
412
417
426
431
442
449
452
460
465
470
474
479
491
494
499
505
509
513
521
533
539
549
554
566
575
578
585
590
598
600
607
616
623
628
636
641
645
649
655
660
666
671
675
685
692
699
703
708
711
718
723
729
736
744
755
760
771
775
782
788
798
803
813
817
827
831
838
842
847
853
858
862
868
876
881
886
892
905
912
916
921
926
930
933
937
941
947
951
967
971
974
977
985
993
998
1006
1014
1016
1021
1032
1037
1043
1047
1052
1056
1058
1061
1065
1072
1075
1079
1082
1087
1090
1093
1097
1101
1104
1109
1115
1118
1121
1135
1139
1142
1149
1157
1164
1165
1168
1171
1174
1179
1182
1187
1191
1196
1206
1212
1219
1221
1231
1237
1243
1248
1249
1251
1254
1261
1271
1278
1283
1289
1292
1304
1316
1322
1329
1335
1339
1347
1353
1355
1360
1364
1371
1375
1381
1389
1394
1400
1404
1409
1416
1422
1431
1436
1441
1443
