0
10
12
18
26
41
48
58
64
67
75
78
84
89
99
104
111
116
120
129
133
137
142
147
151
160
166
172
178
184
188
195
199
204
210
214
219
226
235
242
252
259
265
276
282
286
291
296
302
308
315
325
329
332
336
341
345
348
352
356
360
372
375
382
386
390
396
404
409
414
419
423
432
437
443
447
451
460
463
467
476
487
494
498
504
509
514
527
533
538
542
547
550
554
557
563
572
577
585
591
597
603
610
615
622
631
637
643
649
659
664
677
689
692
699
703
707
717
722
726
736
742
745
749
754
757
760
763
770
774
779
791
795
798
807
812
815
821
824
832
838
845
852
863
871
878
888
897
900
907
912
917
928
934
938
941
944
948
950
955
959
965
970
975
982
988
992
996
1002
1011
1017
1030
1037
1044
1050
1056
1062
1074
1081
1090
1099
1103
1110
1116
1121
1128
1133
1138
1143
1156
1158
1163
1169
1174
1179
1182
1187
1191
1198
1205
1211
1216
1220
1224
1229
1237
1245
1251
1255
1261
1265
1272
1279
1283
1290
1298
1305
1311
1318
1324
1327
1329
