0
4
10
17
25
32
42
53
59
65
72
80
85
90
99
107
115
122
131
142
147
157
160
168
173
178
183
185
192
200
208
213
221
224
228
230
234
240
256
263
269
273
277
289
295
299
303
311
320
325
330
332
334
337
348
351
354
356
370
383
386
398
408
417
429
436
440
446
455
468
479
485
494
504
510
515
524
533
548
554
566
569
573
579
587
594
597
607
611
621
632
644
652
660
669
677
684
690
696
702
711
713
718
720
725
727
735
740
743
753
765
776
786
789
794
801
809
811
821
832
837
841
853
859
869
872
877
880
886
895
904
909
919
924
928
932
941
948
954
960
968
974
985
992
997
1002
1009
1018
1025
1033
1040
1051
1058
1062
1066
1076
1082
1089
1100
1104
1113
1119
1126
1131
1138
1144
1149
1157
1164
1170
1176
1183
1193
1200
1209
1216
1218
1222
1230
1235
1238
1243
1248
1253
1263
1270
1275
1283
1286
1294
1297
1300
1305
1312
1323
1330
1339
1351
1357
1365
1378
1386
1395
1405
1416
1431
1438
1446
1453
1462
1464
1477
1485
1496
1503
1513
1523
1526
1539
1542
1548
1555
1562
1566
1570
1580
1586
1598
1607
1609
1613
1621
1626
1632
1650
1657
1662
1664
1670
1676
1689
1695
1702
1705
1715
1728
1735
1740
1745
1755
1760
1767
1775
1778
1781
1796
1804
1809
1817
1822
1825
1833
1838
1842
1845
1849
1855
1862
1866
1870
1876
1880
1882
1886
1891
1899
1903
1912
1919
1931
1939
1948
1956
1962
1970
1972
1988
1998
2008
2009
2015
2020
2026
2030
2037
2041
2046
2047
