0
4
10
14
17
19
24
32
38
52
56
60
66
72
102
111
115
122
124
129
135
140
143
147
153
158
167
174
180
189
197
205
207
213
217
223
229
238
250
257
268
273
280
288
295
297
304
309
314
323
328
336
341
343
355
365
369
375
384
389
397
406
412
418
430
437
440
444
449
456
463
469
473
482
484
489
493
499
508
512
514
522
528
533
543
547
551
554
560
564
568
575
579
584
595
605
615
618
622
628
634
640
649
658
670
679
691
701
705
711
720
726
734
740
745
750
755
761
766
774
779
783
788
792
795
801
806
810
812
814
821
828
831
844
847
853
856
865
869
872
880
885
891
898
905
910
915
925
928
931
936
939
945
952
958
973
981
993
996
1005
1012
1016
1024
1025
1028
1031
1035
1044
1049
1056
1061
1066
1070
1074
1080
1087
1093
1099
1102
1105
1111
1120
1125
1130
1136
1143
1151
1158
1165
1174
1179
1185
1194
1199
1205
1209
1212
1214
1233
1242
1245
1250
1255
1259
1266
1270
1276
1280
1285
1290
1295
1298
1302
1304
1312
1315
1318
1323
1330
1339
1347
1353
1360
1367
1375
1382
1386
1391
1395
1400
1408
1413
1419
1431
1434
1449
1457
1463
1471
1479
1484
1487
1491
1504
1513
1517
1523
1532
1542
1548
1552
