1
10
12
15
19
27
35
40
45
50
55
64
68
78
81
89
96
102
108
116
122
128
135
141
142
147
154
157
164
169
176
180
187
192
198
204
206
215
218
228
233
240
251
255
263
265
268
271
280
282
284
287
291
299
301
309
315
325
328
331
337
341
346
350
356
359
365
370
374
383
390
393
399
403
408
417
425
430
435
440
444
452
459
464
467
471
480
486
494
498
504
510
512
519
526
534
541
546
553
561
569
578
585
588
591
599
603
609
613
615
621
626
640
649
652
674
678
686
691
695
701
706
711
721
730
734
738
749
762
767
771
777
786
787
789
