0
10
15
20
28
32
39
46
49
54
57
63
68
73
80
83
88
90
91
98
105
114
120
125
130
137
144
148
156
160
161
165
172
183
187
192
199
207
214
219
226
231
237
241
249
254
259
263
267
271
280
288
290
293
297
298
305
310
314
326
327
330
333
336
348
352
359
365
370
378
389
396
404
409
420
430
437
439
443
448
452
460
465
472
479
484
491
496
504
508
515
520
526
529
531
539
544
549
554
559
567
573
579
584
587
590
594
603
605
611
621
627
635
640
647
655
661
675
679
683
686
689
691
694
700
708
713
718
727
733
736
743
747
752
758
763
767
770
774
778
783
787
794
795
801
806
812
816
820
825
828
838
842
846
850
858
861
871
875
879
883
888
892
894
899
906
912
915
919
924
927
933
938
944
948
953
958
964
968
972
975
980
984
989
993
1002
1010
1013
1018
1021
1024
1031
1037
1043
1046
1051
1055
1063
1066
1071
1077
1082
1087
1093
1098
1105
1110
