0
10
12
16
24
27
33
35
43
45
57
63
68
75
79
90
109
116
123
128
131
142
150
155
159
162
165
168
176
180
186
197
205
211
221
226
228
234
236
252
261
266
270
276
281
290
299
314
325
329
335
339
345
354
359
364
370
377
381
384
389
392
403
411
419
428
433
443
448
457
463
474
483
493
498
504
512
519
533
542
550
559
564
568
574
580
584
590
601
608
615
622
631
639
651
661
669
674
683
685
689
704
712
714
719
722
724
735
745
747
754
775
788
797
800
803
806
809
824
834
840
846
853
865
866
872
877
886
894
901
910
914
916
