0
10
14
21
27
31
34
40
43
44
49
54
56
65
74
78
83
89
94
102
108
114
120
127
132
136
139
147
151
155
166
173
176
183
188
195
199
204
210
219
228
233
239
243
250
260
271
276
278
286
292
296
299
301
308
314
321
329
338
346
352
357
361
370
374
379
392
399
408
410
422
428
435
436
438
444
449
460
464
471
474
481
490
495
501
508
518
528
531
534
537
540
545
550
559
565
569
583
590
594
598
607
611
615
619
622
630
634
638
645
651
656
669
675
682
687
690
693
703
708
712
718
724
737
744
747
753
758
762
770
777
779
784
792
795
798
804
810
815
822
827
833
845
854
864
871
874
877
