0
3
10
14
20
32
36
39
44
50
66
72
74
76
78
83
87
91
98
103
109
113
123
128
135
139
145
153
159
166
172
176
181
186
194
197
207
210
221
229
231
235
241
247
254
259
264
269
274
278
285
290
295
301
307
312
317
320
325
333
337
341
349
353
361
370
395
408
411
416
428
431
435
440
445
451
456
460
461
465
471
474
480
486
492
499
503
507
510
514
522
528
542
544
546
550
555
565
570
574
579
581
583
588
594
597
599
602
607
614
621
630
631
640
644
648
656
661
671
674
682
683
693
699
702
706
710
712
731
739
749
762
765
768
776
780
782
788
791
799
802
806
811
818
827
831
839
846
852
856
862
867
876
882
886
891
898
901
910
915
920
927
936
946
955
966
976
980
985
990
1005
1022
1027
1035
1042
1049
1058
1062
1067
1076
1079
1085
1090
1104
1106
1112
1117
1123
1131
1139
1145
1149
1156
1160
1166
1167
1171
1181
1185
1192
1198
1206
1212
1220
1227
1232
1237
1241
1251
1259
1262
1264
