0
10
14
28
38
45
57
69
73
76
88
93
101
105
116
121
122
126
132
137
144
153
160
169
176
187
194
199
209
217
227
238
249
259
274
281
291
300
304
309
315
322
330
340
353
362
372
381
394
405
415
417
419
429
439
446
451
455
463
475
479
490
499
505
511
515
523
533
542
545
554
561
565
580
590
602
607
611
619
630
636
653
657
665
667
675
683
695
702
716
727
743
754
765
774
789
792
799
809
820
829
832
838
847
858
860
866
872
884
889
897
905
911
917
922
931
935
943
948
965
972
977
982
988
998
1004
1011
1016
1023
1036
1049
1067
1074
1081
1088
1094
1101
1110
1118
1121
1135
1143
1156
1166
1171
1176
1181
1192
1197
1199
1205
1215
1223
1235
1236
1244
1252
1256
1262
1266
1277
1289
1292
1294
1300
1308
1310
