0
10
14
20
29
34
39
44
49
52
55
58
61
65
69
73
76
84
90
95
99
108
112
118
124
134
145
152
158
166
168
175
182
187
194
201
209
217
222
227
234
240
245
252
257
262
269
274
281
293
305
311
321
328
338
344
357
362
369
376
381
385
392
401
414
416
420
428
436
440
447
453
461
465
474
482
493
500
511
527
535
545
550
557
565
583
590
595
601
611
618
628
634
651
656
662
674
688
692
695
704
710
711
715
721
729
740
746
753
757
765
772
782
790
794
799
804
812
815
816
821
830
841
849
858
865
873
881
889
898
902
907
914
920
928
939
953
962
973
980
985
993
1003
1014
1018
1024
1029
1042
1050
1056
1060
1067
1073
1080
1092
1098
1110
1115
1121
1128
1144
1153
1157
1164
1175
1180
1184
1193
1206
1212
1222
1227
1234
1244
1255
1260
1273
1280
1287
1295
1304
1305
