0
10
14
18
26
30
37
51
55
60
67
73
85
91
99
107
113
119
124
136
141
147
154
157
165
172
184
194
202
206
209
211
220
230
236
240
248
258
264
268
277
281
289
294
302
305
312
317
322
327
332
339
348
351
358
368
376
384
391
394
405
413
420
425
432
439
444
454
462
472
479
487
496
507
512
520
527
532
538
544
549
555
562
567
573
580
584
600
610
613
617
621
628
633
638
648
655
660
664
675
680
692
696
703
713
721
725
732
736
741
750
759
764
771
774
781
786
791
797
805
811
816
820
821
832
837
848
854
856
871
880
887
897
904
909
915
920
940
946
953
962
971
979
990
995
1003
1010
1013
1023
1032
1040
1049
1061
1068
1074
1083
1093
1095
