0
10
15
21
27
34
50
58
67
76
82
89
106
115
124
138
142
149
157
169
187
193
201
210
213
217
221
228
234
243
256
266
281
286
292
299
304
316
327
340
344
347
360
374
383
388
396
406
410
419
426
432
437
446
454
460
466
475
483
491
499
504
510
516
529
538
545
552
559
567
579
585
593
603
611
616
622
631
640
648
656
668
683
697
704
716
719
725
733
743
749
758
763
773
776
783
789
797
803
808
812
819
822
829
834
846
852
860
866
874
879
886
890
897
904
908
919
924
929
937
944
952
962
966
979
984
993
996
999
1002
1009
1019
1026
1036
1044
1055
1068
1082
1088
1095
1102
1114
1122
1132
1142
1152
1162
1168
1177
1187
1196
1209
1229
1231
1240
1246
1254
1259
1267
1272
1282
1293
1304
1311
1319
1324
1332
1336
1339
1345
1353
1363
1374
1386
1414
1422
1426
1430
1435
1439
1441
1449
1461
1469
1484
1500
1507
1516
1526
1535
1542
1554
1564
1573
1584
1589
1597
1604
1620
1634
1644
1648
1657
1668
1674
1682
1694
1698
1704
1710
1717
1721
1728
1732
1736
1743
1749
1759
1764
1769
1779
1782
1786
1801
1812
1819
1826
1831
1840
1845
1852
1858
1866
1878
1893
1897
1905
1911
1917
1923
1934
1945
1953
1958
1968
1981
1994
2000
2017
2029
2041
2048
2051
2053
2062
2073
2080
2084
2088
2092
2095
2102
2106
2115
2117
2127
2135
2145
2156
2166
2175
2186
2188
