0
10
11
18
24
29
48
56
64
71
75
82
87
92
103
112
118
125
129
134
142
146
151
161
171
180
186
190
196
205
209
216
222
229
238
245
251
258
270
276
281
287
297
306
313
322
328
332
339
346
353
362
368
378
387
400
404
408
413
418
423
429
436
441
447
459
469
478
487
492
501
511
524
534
541
545
549
554
563
567
572
577
588
597
600
607
617
621
629
634
644
650
654
659
663
668
673
682
688
702
708
712
717
722
724
732
737
745
752
760
767
773
781
790
800
809
815
827
834
838
848
855
862
869
876
879
883
888
893
898
902
906
913
917
926
936
944
952
958
964
972
978
982
990
996
1005
1011
1014
1023
1033
1042
1053
1062
1070
1078
1085
1098
1106
1115
1120
1122
1127
1128
1130
