0
4
10
14
17
22
26
30
39
45
48
54
57
62
69
74
82
84
92
100
105
108
117
123
128
133
138
141
146
151
158
167
177
183
191
195
200
203
216
218
219
223
229
235
244
252
258
262
273
281
289
299
307
314
323
327
333
344
349
355
360
366
370
375
380
387
395
405
411
414
417
421
425
429
437
445
452
457
461
467
469
474
477
485
496
506
512
519
525
532
541
543
554
559
561
570
573
576
583
586
593
601
611
614
618
621
623
628
632
637
641
645
650
654
658
663
673
679
685
690
697
705
711
719
728
735
750
759
763
766
772
778
786
793
795
802
812
819
826
830
839
845
850
857
868
875
882
887
893
898
903
908
910
915
919
921
926
929
934
942
945
946
950
953
959
963
966
971
978
986
990
995
998
1003
1010
1016
1022
1028
1033
1041
1050
1053
1062
1066
1071
1078
1083
1088
1092
1095
1098
