0
3
10
12
16
19
24
31
34
37
40
44
51
53
59
66
67
73
78
84
95
104
111
116
121
126
133
135
137
142
151
158
167
173
178
191
207
213
220
224
229
237
247
251
259
269
275
282
288
292
298
304
309
314
321
325
333
341
347
356
359
366
369
382
388
392
400
411
419
422
425
432
437
444
449
454
461
470
476
481
490
491
494
497
500
504
509
512
523
529
531
535
539
545
551
557
558
561
565
568
573
577
578
583
589
601
605
610
616
629
633
639
650
656
662
668
674
680
684
690
698
706
709
711
715
721
725
733
745
748
750
754
757
761
765
769
774
786
800
807
815
822
832
846
849
853
854
862
873
881
889
892
896
899
906
908
913
919
926
930
934
939
945
950
959
968
969
972
