0
3
10
14
19
25
31
39
44
51
57
64
77
80
88
95
105
112
118
126
131
137
138
145
156
158
164
171
174
182
192
197
203
214
222
229
234
243
254
258
266
271
279
281
290
297
304
314
320
327
335
347
355
360
364
379
386
388
397
405
415
425
432
435
441
444
451
460
470
479
487
494
508
513
520
524
530
544
551
560
564
577
589
599
610
619
623
629
634
640
644
651
658
663
670
678
687
691
697
710
718
730
735
741
744
750
756
759
763
769
780
792
798
806
810
817
826
832
839
850
855
861
868
877
884
894
899
905
915
922
930
934
947
952
960
970
977
985
991
995
1002
1010
1016
1021
1029
1039
1046
1056
1061
1068
1077
1083
1086
1094
1107
1116
1121
1127
1137
1140
1148
1152
1159
1166
1172
1179
1190
1196
1206
1213
1217
1226
1236
1246
1250
1257
1265
1272
1280
1286
1295
1302
1306
1311
1317
1323
1329
1336
1340
1350
1360
1375
1381
1383
1388
1395
1405
1417
1421
1427
1438
1446
1452
1456
1463
1474
1480
1484
1494
1506
1519
1525
1529
1542
1548
1559
1569
1575
1582
1592
1601
1604
1612
1622
1629
1633
1639
1649
1661
1673
1677
1685
1697
1706
1713
1721
1726
1733
1741
1747
1748
