0
10
13
17
20
33
35
37
41
48
62
73
80
95
105
106
113
118
133
137
141
146
152
161
167
174
178
182
189
198
208
213
219
224
228
236
245
249
253
259
262
269
275
277
282
287
297
304
309
317
322
325
330
333
336
344
349
354
359
361
367
370
372
375
381
383
389
393
401
410
413
419
427
438
444
449
455
460
470
473
477
484
494
498
504
514
519
522
547
562
569
576
585
589
603
607
614
618
630
633
640
647
650
656
662
667
670
677
684
690
693
702
709
713
716
724
733
745
752
758
767
771
778
783
785
792
798
804
809
812
818
822
830
849
858
873
877
883
887
890
900
905
909
922
926
929
937
942
947
958
967
974
975
