0
10
14
19
23
27
32
37
42
48
54
57
62
65
69
71
76
81
85
89
97
103
109
114
120
130
140
144
156
161
167
176
183
189
193
197
203
208
215
222
227
233
240
246
249
255
261
267
271
275
283
287
291
298
305
311
314
319
323
327
331
336
340
347
352
356
361
364
369
373
377
380
384
389
393
398
405
411
417
421
428
432
437
444
449
456
460
464
469
472
476
480
484
488
493
499
504
511
516
523
531
538
541
546
551
554
560
564
571
574
581
586
589
590
593
597
603
610
619
629
635
646
651
656
665
675
684
691
698
704
714
720
728
734
740
749
755
762
771
775
784
791
797
803
808
816
821
828
834
840
847
853
857
862
871
878
884
892
903
907
913
921
929
939
944
951
958
964
969
975
981
984
986
995
1001
1005
1011
1017
1026
1030
1036
1041
1046
1052
1058
1069
1076
1083
1087
1091
1096
1108
1114
1122
1129
1134
1138
1143
1148
1156
1164
1167
1172
1178
1188
1192
1200
1207
1213
1218
1224
1230
1237
1244
1251
1259
1271
1277
1285
1294
1303
1315
1323
1327
1333
1339
1348
1351
1356
1361
1367
1371
1375
