0
10
16
18
22
25
28
34
41
56
59
64
71
77
87
92
98
105
108
115
121
127
139
149
152
159
166
170
183
192
197
201
206
212
213
218
224
232
237
243
248
255
268
275
282
289
292
300
304
310
314
318
325
336
343
349
357
362
370
376
392
400
407
414
421
426
428
433
444
447
448
456
461
468
477
487
492
495
500
504
508
513
519
525
531
538
544
551
555
560
567
575
580
587
592
597
601
607
614
619
626
633
637
644
650
655
660
664
668
675
678
683
685
690
695
700
712
722
728
732
738
747
755
763
768
775
783
787
796
802
807
815
825
835
844
856
865
875
881
885
889
891
903
907
912
915
921
924
935
945
952
959
967
976
989
995
1003
1019
1027
1035
1039
1044
1050
1056
1060
1069
1078
1082
1084
1088
1089
1093
