0
4
10
14
19
24
31
45
49
53
59
66
74
77
86
92
101
107
114
130
137
143
149
156
160
165
170
182
185
188
191
195
201
210
213
218
224
231
236
241
249
256
265
268
271
276
280
283
285
288
289
296
310
317
320
324
335
341
345
348
354
363
370
379
387
394
402
407
412
417
421
426
434
447
450
457
464
479
487
496
506
511
515
522
528
531
537
541
546
550
553
561
570
577
580
586
594
601
608
611
616
624
627
634
641
646
652
659
666
672
677
687
695
704
712
726
732
734
741
744
748
758
763
773
783
792
803
806
811
816
824
835
847
857
867
872
882
891
898
906
911
916
923
930
934
942
952
961
964
972
979
984
996
1003
1011
