0
3
10
14
20
27
33
40
54
58
62
73
78
80
85
92
100
113
122
131
132
140
148
155
162
169
174
181
189
196
201
207
209
213
227
243
253
263
268
286
294
301
305
309
319
325
332
337
344
348
351
355
360
365
370
376
379
395
402
405
411
419
425
434
442
450
454
457
463
466
473
486
489
494
499
508
519
526
535
538
547
554
559
568
576
579
581
584
589
594
597
609
613
618
627
633
641
649
653
657
668
675
678
685
688
693
702
707
714
716
723
727
734
739
747
751
757
760
766
773
780
790
795
800
804
810
818
827
834
840
847
856
865
879
888
896
902
908
912
919
923
929
936
939
943
949
952
956
964
970
979
989
998
1003
1009
1013
1021
1029
1040
1047
1054
1062
1070
1082
1084
1091
1095
1101
1106
1111
1117
1130
1135
1136
1146
1148
1155
1158
1162
1167
1174
1181
1186
1194
1196
1216
1220
1227
1232
1242
1246
1248
1251
1260
1265
1268
1276
1286
1294
1300
1303
1309
1316
1321
1327
1330
1331
1336
1342
1348
1356
1364
1366
1380
1384
1391
1398
1404
1406
1409
1413
1420
1426
1433
1443
1452
1460
1468
1472
1475
1480
1491
1496
1502
1510
1515
1522
1529
1534
1544
1553
1560
1569
1575
1579
1588
1595
1605
1610
1620
1634
1638
1643
1644
