0
10
14
20
26
32
40
45
54
58
65
73
81
85
92
96
102
111
116
123
131
133
143
146
155
161
167
174
184
189
195
203
210
217
219
225
231
233
239
244
252
259
264
270
275
278
282
288
292
297
304
310
319
324
328
335
342
351
359
364
370
376
381
387
396
402
408
414
418
425
430
432
435
438
441
444
449
456
460
463
470
474
481
487
492
498
502
508
513
520
526
532
536
540
543
548
552
558
562
565
571
575
581
589
593
600
604
611
612
619
625
630
636
647
654
664
671
678
683
689
695
700
709
713
720
726
735
739
742
745
752
760
767
775
785
791
799
810
816
825
835
839
849
861
868
872
876
880
891
896
902
908
914
919
925
931
936
939
945
952
956
963
967
973
978
987
991
996
1004
1008
1013
1019
1027
1033
1039
1043
1047
1053
1060
1065
1070
1077
1081
1090
1092
