0
17
23
26
32
49
56
60
66
69
74
85
92
98
104
113
117
123
126
130
137
145
152
160
162
166
168
181
184
192
199
201
206
208
216
223
227
237
243
250
258
267
274
284
287
295
303
313
319
320
325
333
335
339
341
346
358
366
371
378
382
390
396
397
404
410
423
426
436
445
464
468
476
484
488
495
503
508
516
526
536
543
558
565
568
570
577
584
588
593
598
604
609
618
628
635
638
658
665
671
675
679
687
691
694
697
706
715
723
735
743
750
755
759
763
768
772
776
782
792
799
806
816
822
836
841
844
849
856
862
872
878
882
886
893
895
900
910
915
924
929
934
945
953
957
960
969
974
979
985
992
997
1007
1016
1024
1033
1038
1043
1049
1054
1062
1067
1073
1077
1081
1087
1091
1095
1103
1108
1114
1121
1129
1134
1139
1145
1155
1162
1167
1172
1178
1183
1190
1192
1201
1210
1214
1222
1229
1236
1241
1249
1254
1261
1266
1273
1281
1287
1293
1302
1305
1311
1317
1323
1329
1336
1343
1349
1355
1359
1362
1367
1372
1378
1384
1388
1393
1399
1404
1408
1411
1414
1422
1424
1427
1431
1440
1442
1448
1452
1459
1462
1465
1467
1472
1479
1483
1490
1499
1501
1505
1509
1520
1522
1526
1532
1536
1545
1553
1561
1564
1571
1578
1584
1591
1598
1604
1615
1620
1623
1629
1640
1646
1649
1658
1663
1669
1684
1691
1697
1701
1717
1724
1729
1738
1747
1762
1766
1774
1787
1792
1798
1805
1814
1821
1824
1831
1844
1853
1861
1870
1873
1883
1893
1898
1903
1916
1918
1924
1931
1936
1944
1951
1958
1964
1974
1981
1984
1988
1994
2004
2009
2016
2020
2025
2034
2041
2044
2049
2054
2059
2061
2062
2066
2071
2073
2076
2080
2091
2100
2103
2112
2114
2127
2137
2146
2156
2162
2172
2180
2188
2193
2201
2209
2214
2221
2231
2240
2244
2247
2256
2264
2274
2281
2286
2291
2300
2307
2312
2322
2326
2337
2345
2365
2371
2374
2378
2381
2387
2392
2403
2407
2411
2416
2421
2427
2436
2452
2463
2467
2477
2484
2499
2507
2515
2519
2524
2536
2545
2552
2558
2568
2573
2580
2593
2606
2615
2619
2623
2631
2637
2647
2650
2657
2662
2669
2680
2690
2700
2702
2709
2716
2722
2730
2735
2739
2746
2753
2763
2771
2776
2783
2789
2799
2810
2818
2828
2837
2844
2852
2860
2868
2875
2882
2888
2896
2909
2916
2920
2929
2937
2941
2946
2955
2959
2969
2977
2979
2985
2989
2993
3002
3004
3009
3013
3019
3023
3026
3034
3043
3048
3053
3061
3068
3076
3083
3087
3094
3104
3111
3114
3123
3127
3138
3140
3145
3151
3158
3162
3171
3186
3201
3205
3209
3214
3222
3230
3239
3245
3249
3257
3263
3272
3275
3281
3285
3294
3302
3308
3317
3325
3332
3334
3337
3348
3358
3361
3367
3376
3380
3382
3386
3389
3392
3403
3406
3410
3418
3427
3430
3434
3442
3452
3461
3471
3474
3483
3490
3497
3501
3506
3512
3519
3524
3527
3533
3537
3546
3558
3567
3575
3584
3591
3594
3599
3609
3615
3621
3627
3630
3638
3645
3652
3656
3662
3672
3675
3682
3692
3703
3713
3728
3731
3736
3744
3748
3759
3763
3770
3775
3781
3791
3802
3813
3817
3826
3837
3844
3849
3854
3858
3866
3869
3877
3891
3894
3898
3903
3911
3922
3929
3937
3940
3946
3953
3958
3962
3967
3975
3980
3990
3996
4001
4005
4012
4015
4025
4036
4047
4055
4062
4068
4071
4077
4087
4091
4098
4106
4118
4125
4131
4144
4149
4156
4163
4171
4176
4192
4200
4213
4223
4230
4240
4253
4260
4269
4278
4282
4290
4296
4305
4315
4322
4330
4333
4339
4345
4360
4365
4370
4377
4384
4394
4400
4406
4417
4424
4430
4439
4447
4458
4472
4481
4486
4490
4495
4500
4506
4517
4524
4530
4539
4545
4550
4558
4565
4570
4580
4586
4600
4606
4614
4624
4629
4639
4643
4647
4655
4661
4668
4674
4681
4683
4688
4698
4704
4709
4717
4725
4733
4735
4741
4750
4752
4762
4767
4782
4788
4801
4807
4819
4822
4826
4840
4852
4855
4857
4863
4869
4877
4890
4899
4910
4918
4928
4929
4932
4938
4941
4951
4961
4967
4973
4979
4986
4989
4993
5004
5011
5020
5026
5033
5043
5049
5053
5060
5068
5073
5079
5083
5092
5097
5102
5115
5120
5128
5134
5143
5149
5152
5164
5171
5176
5182
5186
5192
5194
5202
5214
5224
5230
5238
5245
5252
5259
5264
5269
5277
5284
5286
5287
5299
5307
5317
5327
5330
5343
5351
5354
5366
