0
10
12
15
23
30
41
54
61
70
77
84
92
103
114
125
136
142
150
153
159
165
173
180
190
198
204
215
220
229
241
245
251
256
262
268
276
280
285
292
299
304
311
320
330
337
344
349
357
362
370
377
388
399
408
415
422
430
440
452
460
469
481
489
500
506
516
523
532
540
546
556
564
569
582
592
603
609
612
621
626
634
646
656
668
679
688
696
701
706
714
721
728
734
741
751
763
768
772
781
787
797
803
808
816
825
831
842
855
862
872
878
889
898
906
920
928
936
943
951
958
964
971
981
992
1002
1009
1011
1016
