0
10
15
25
32
39
43
50
52
64
69
73
78
90
101
112
123
130
139
145
152
158
166
174
178
187
197
201
209
217
227
232
235
240
243
248
253
256
272
277
282
292
295
299
304
312
320
328
331
342
354
360
367
369
377
385
391
399
402
414
423
435
443
450
457
462
469
476
487
491
497
503
513
523
533
536
539
546
559
561
574
578
582
593
601
605
610
617
630
632
655
658
670
677
686
690
693
697
705
717
722
724
732
740
753
758
767
770
775
781
789
811
817
826
832
841
844
849
859
864
868
871
883
891
901
909
911
915
919
929
936
940
943
956
959
961
966
970
979
984
991
999
1009
1012
1018
1038
1044
1051
1056
1064
1073
1079
1086
1089
1098
1112
1119
1121
