0
10
15
19
24
29
38
43
55
59
66
68
83
88
94
100
108
117
124
139
142
150
157
167
177
182
188
190
197
201
215
227
239
245
251
254
260
267
273
279
288
295
305
309
311
316
319
324
329
338
347
356
368
378
384
391
399
409
413
417
423
432
437
442
451
460
465
474
482
484
490
498
509
514
522
527
530
535
539
548
559
563
570
578
582
590
596
603
607
610
614
618
621
631
636
641
645
649
655
658
668
677
684
695
697
701
712
720
723
733
741
748
753
761
770
776
787
795
798
803
810
818
823
826
828
831
838
842
849
853
859
866
874
881
889
894
901
907
913
923
933
938
943
947
953
956
967
977
980
984
988
995
1001
1005
1011
1018
1024
1028
1034
1039
1044
1048
1052
1058
1063
1069
1074
1081
1091
1098
1107
1115
1119
1126
1134
1141
1144
1151
1163
1168
1175
1183
1187
1195
1199
1205
1208
1214
1220
1227
1232
1237
1243
1245
1252
1255
1258
1264
1273
1279
1285
1292
1302
1315
1320
1323
1339
1345
1350
1355
1360
1362
1373
1382
1387
