0
10
13
15
19
22
28
33
42
49
53
59
66
69
75
80
86
91
97
103
108
115
122
127
130
136
141
149
156
163
168
173
180
185
194
199
207
212
214
220
224
228
233
236
241
247
249
253
260
267
271
279
283
288
293
302
313
316
326
333
337
345
349
354
358
366
375
384
390
395
400
408
411
420
426
433
437
445
449
452
458
463
467
473
477
481
486
492
493
498
508
511
518
522
526
534
541
551
562
564
571
579
584
591
598
603
608
613
621
628
635
641
647
651
653
658
663
669
674
678
683
686
689
694
701
706
709
714
718
722
727
733
738
742
746
750
753
757
761
765
767
774
780
787
790
798
807
811
817
824
828
833
842
844
850
851
857
861
866
871
873
877
884
890
896
900
904
908
912
918
922
928
937
945
948
952
956
961
963
968
974
977
986
992
999
1000
