0
3
10
12
25
35
42
48
52
62
74
82
94
102
113
119
129
140
149
155
167
176
183
191
198
200
210
218
226
233
240
249
259
265
272
281
284
291
296
302
308
313
324
330
339
349
359
365
377
382
386
402
407
410
415
423
432
441
451
459
464
476
483
488
504
514
524
528
535
543
548
555
561
574
585
592
597
609
620
627
631
641
650
655
665
674
677
684
690
697
703
706
710
716
723
729
741
746
754
761
770
781
792
799
800
806
808
814
819
826
831
841
845
849
856
859
868
876
886
892
900
905
912
919
925
932
939
943
946
951
958
963
971
980
991
997
1003
1008
1014
1017
1021
1027
1036
1042
1045
1050
1057
1067
1074
1076
1081
1090
1093
1097
1102
1106
1112
1122
1126
1134
1139
1146
1151
1156
1160
1165
1172
1177
1186
1193
1200
1205
1208
1212
1216
1223
1230
1237
1246
1251
1260
1265
1275
1276
1281
1286
1290
1293
1302
1313
1323
1328
1335
1341
1343
1348
1353
1363
1369
1376
1382
1388
1398
1406
1412
1420
1430
1434
1440
1449
1457
1462
1465
1473
1479
1482
1488
1492
1500
1512
1516
1518
1524
1532
1537
1543
1560
1573
1578
1584
1591
1594
1600
1607
1614
1621
1622
1634
1646
1652
1653
