0
3
10
13
19
26
34
42
44
48
60
71
79
87
100
108
115
125
131
139
142
150
156
162
168
181
185
190
193
194
197
204
209
211
214
218
223
225
232
240
243
247
251
254
255
271
276
281
285
289
297
305
312
322
329
342
352
359
367
374
383
391
402
407
410
411
414
420
425
428
431
433
437
443
452
465
477
480
485
491
497
506
509
513
516
517
520
528
533
538
542
547
557
563
575
586
594
602
616
620
631
635
641
648
652
653
656
658
661
663
665
668
669
674
677
686
697
705
712
718
728
736
749
757
770
777
783
789
795
808
813
817
822
829
836
840
844
853
862
866
871
880
888
899
904
911
921
927
932
938
950
960
963
966
971
987
989
994
1002
1006
1016
1024
1030
1038
1049
1056
1065
1071
1079
1084
1090
1095
1100
1106
1111
1115
1120
1129
1138
1146
1153
1164
1168
1177
1182
1188
1194
1199
1204
1216
1226
1234
1247
1257
1268
1278
1282
1289
1296
1306
1312
1316
1326
1336
1343
1349
1359
1376
1381
1390
1396
1402
1407
1415
1418
1425
1432
1437
1445
1453
1458
1464
1477
1484
1490
1498
1506
1521
1527
1531
1542
1543
