0
10
16
24
32
37
50
58
66
74
80
89
97
107
114
121
130
136
140
147
155
165
174
176
184
189
198
204
216
220
225
238
241
245
257
264
269
275
282
291
300
307
309
316
322
326
339
344
352
356
360
366
372
375
379
384
390
393
400
406
413
416
427
440
453
460
465
468
474
483
492
500
508
511
520
524
526
528
531
536
549
558
565
571
580
585
593
604
606
619
628
638
643
648
658
663
672
682
693
699
702
711
720
722
726
730
745
749
753
758
763
775
781
788
792
799
810
813
816
821
826
830
838
845
853
858
862
867
871
885
890
897
901
907
915
925
935
943
953
957
973
983
990
1001
1011
1019
1025
1036
1051
1061
1068
1078
1084
1092
1102
1111
1120
1123
1131
1134
1140
1152
1161
1170
1177
1182
1188
1199
1211
1220
1223
1228
1232
1251
1262
1269
1279
1286
1288
1298
1307
1318
1327
1332
1337
1343
1347
1353
1363
1367
1381
1391
1398
1403
1414
1420
1427
1436
1447
1452
1456
