1
10
14
18
29
35
42
47
53
62
70
80
85
89
96
102
111
116
122
131
136
141
145
149
151
161
164
169
173
178
180
185
191
193
198
203
211
215
222
227
234
237
241
248
254
261
265
269
273
283
286
291
296
301
304
311
315
321
328
337
345
354
359
361
365
368
375
380
384
390
395
402
409
416
420
427
433
437
442
448
453
458
461
463
470
472
476
488
493
501
506
510
521
526
530
534
537
540
544
548
554
563
571
576
583
587
595
602
606
611
619
627
630
637
642
647
652
655
661
665
672
677
683
693
697
701
704
708
710
716
720
726
730
734
737
745
753
759
766
772
779
786
792
797
801
806
812
817
825
830
833
835
838
841
844
847
851
853
859
864
867
878
884
889
891
903
907
912
916
922
925
931
936
940
947
952
957
962
969
979
986
989
995
1003
1010
1015
1022
1039
1046
1053
1055
1058
1062
1068
1073
1076
1082
1084
