0
10
14
19
24
29
36
46
53
63
70
74
84
96
108
117
123
130
137
143
153
157
161
166
173
176
179
188
194
202
208
215
220
226
230
237
241
248
252
257
261
265
273
278
284
290
294
300
311
317
321
330
334
340
346
356
360
364
367
374
380
389
397
401
410
415
420
427
434
439
443
449
454
459
466
470
475
480
486
492
498
502
505
514
519
524
534
541
547
555
561
565
571
579
587
596
607
615
620
626
629
637
640
645
652
658
665
672
676
682
690
698
703
710
713
719
722
734
739
748
751
758
766
771
779
786
791
798
800
805
813
821
827
834
840
850
857
864
871
877
886
894
901
907
916
920
933
942
947
957
966
972
981
984
991
999
1007
1017
