0
10
11
15
18
31
40
42
46
58
70
80
90
98
107
119
125
135
150
155
165
177
185
193
201
211
214
221
228
235
239
242
248
255
262
274
290
293
299
302
308
314
321
328
338
341
345
358
362
364
367
374
381
387
396
402
407
416
421
425
431
437
445
447
456
460
466
474
485
493
496
501
505
507
515
531
532
536
542
545
555
562
567
574
580
585
590
597
601
608
620
624
629
643
649
656
662
670
676
679
686
689
694
699
701
708
714
721
727
733
740
747
751
760
762
768
775
784
790
798
800
816
819
827
829
833
837
846
857
865
870
879
886
892
895
904
911
917
920
924
928
930
934
938
945
950
955
965
970
973
978
985
990
995
1004
1013
1016
1023
1027
1033
1038
1040
1045
1047
1049
1059
1063
1070
1071
1074
1082
1089
1092
1098
1107
1111
1123
1133
1140
1149
1159
1160
1163
1170
1175
1180
1185
1193
1197
1199
1210
1216
1221
1226
1233
1241
1248
1265
1271
1273
1281
1284
1300
1307
1310
1318
1321
1325
1334
1344
1358
1364
1366
1374
1381
1391
1400
1411
1416
1420
1428
1432
1440
1449
1463
1475
1476
1481
1491
1498
1508
1512
1522
1526
1534
1539
1550
1561
1568
1575
1586
1590
1596
1606
1615
1624
1627
1639
1643
1648
1655
1660
1665
1672
1682
1687
1692
1698
1709
1722
1728
1735
1739
1743
1750
1767
1769
1772
1776
1780
1783
1788
1795
1798
1801
1811
1820
1825
1831
1834
1842
1844
1854
1862
1870
1877
1885
1886
1892
1898
1906
1907
1914
1918
1922
1929
1933
1936
1943
1947
1956
1963
1966
1971
1980
1989
1996
2006
2016
2023
2026
