0
10
18
25
28
34
43
53
59
65
74
89
96
102
112
120
123
132
140
152
155
163
171
181
186
193
204
211
227
235
249
257
267
271
280
285
296
300
305
310
314
321
324
328
332
336
342
353
358
365
371
373
382
389
394
397
402
408
415
420
423
429
440
446
453
461
470
475
478
484
490
494
498
503
511
517
526
532
541
546
552
560
566
575
580
590
597
602
608
616
623
638
645
652
657
659
664
672
681
684
692
696
701
707
715
724
732
740
745
752
759
765
770
773
786
794
801
812
821
826
833
840
849
854
861
865
873
878
885
893
903
912
915
922
928
936
938
944
951
959
962
970
977
983
990
994
1002
1006
1011
1015
1019
1027
1034
1042
1046
1055
1058
1064
1070
1075
1082
1090
1096
1103
1109
1116
1122
1126
1135
1145
1152
1157
1163
1173
1179
1185
1190
1196
1202
1209
1215
1230
1235
1238
1245
1251
1259
1261
1265
1267
