0

3

9

14

25

34

45

50

57

65

68

76

81

87

95

104

111

118

128

138

141

145

154

159

164

176

182

190

194

199

205

210

214

225

231

238

245

253

256

261

269

276

282

291

296

302

311

317

323

327

332

339

345

351

355

361

367

371

375

383

389

394

398

406

417

426

431

438

447

453

463

472

477

483

492

496

502

507

517

524

535

548

556

562

566

574

584

592

597

602

608

619

622

629

636

641

646

652

658

666

674

680

685

690

693

703

706

712

717

725

730

734

740

748

753

761

767

776

782

793

801

805

810

817

826

834

844

852

860

868

875

881

886

896

900

908

910

914

922

925

929

937

942

948

954

963

964

969

981

991

996

1001

1006

1009

1014

1018

1023

1032

1038

1046

1052

1058

1064

1068

1076

1083

1089

1095

1099

1105

1114

1119

1123

1129

1134

1145

1153

1160

1168

1174

1180

1188

1191

1195

1201

1204

1211

1215

1222

1229

1234

1241

1245

1250

1255

1261

1268

1273

1281

1286

1293

1296

1303

1311

1316

1322

1328

1333

1340

1344

1350

1355

1365

1371

1375

1382

1389

1397

1405

1410

1419

1425

1431

1440

1446

1454

1462

1466

1472

1475

1480

1482

1487

1492

1493

1497

1505

1511

1516

1523

1528

1535

1544

1546

1552

1564

1570

1576

1581

1585

1593

1600

1606

1610

1615

1622

1624

1633

1643

1650

1658

1665

1674

1678

1683

1691

1696

1702

1710

1724
