1
5
9
19
31
37
45
51
61
70
75
84
91
98
103
109
118
128
137
143
152
160
165
174
180
189
194
200
205
216
222
231
237
249
254
262
269
276
285
296
298
305
310
317
326
329
341
349
357
366
369
378
382
391
393
398
408
411
415
424
432
438
443
451
458
466
484
490
495
506
512
527
531
539
543
548
558
566
572
583
597
601
609
620
626
643
651
665
669
673
680
687
693
703
709
715
722
723
728
731
735
742
747
751
759
768
773
776
785
795
807
813
817
824
833
842
851
855
860
862
870
881
885
896
899
907
921
930
938
942
947
951
955
962
970
979
986
991
998
1005
1013
1026
1034
1039
1044
1053
1059
1064
1078
1084
1090
1099
1112
1126
1130
1136
1152
1174
1178
1183
1190
1195
1207
1212
1221
1229
1240
1252
1260
1265
1267
1276
1291
1300
1311
1315
1323
1335
1345
1349
1365
1375
1379
1385
1388
1392
1398
1406
1415
1424
1427
1434
1439
1442
1448
1453
1456
1463
1471
1489
1494
1510
