2

5

11

20

26

34

44

52

55

61

69

74

85

90

98

102

109

114

118

120

124

126

130

140

152

158

164

169

173

179

182

189

195

202

208

212

217

223

230

235

240

245

250

254

261

265

273

281

285

293

297

300

305

314

320

323

327

338

340

345

352

357

367

372

385

391

401

405

409

414

419

423

427

434

439

445

448

453

460

468

477

485

494

499

501

504

509

514

521

529

537

539

545

552

561

568

575

578

582

586

591

595

601

603

610

617

628

631

634

637

640

646

648

658

670

677

687

693

701

703

706

711

717

720

724

731

734

741

751

757

760

765

770

774

777

782

786

791

795

800

807

810

815

823

831

836

838

843

848

855

861

865

868

874

879

882

885

889

893

898

903

905

911

916

923

930

935

937

942

945

953

958

964

971

975

978

985

995

1000

1005

1009

1013

1018

1025

1035

1041

1043

1051

1059

1067

1072

1078

1083

1088

1091

1099

1103

1109

1112

1115

1121

1123

1133

1142

1147

1153

1160
