1

5

10

15

21

23

26

34

44

52

59

67

69

78

87

95

102

109

113

122

130

135

144

157

164

177

188

198

207

211

220

226

235

244

250

261

263

267

276

282

288

296

304

311

317

323

329

338

347

348

352

361

377

390

393

400

410

416

421

427

436

449

463

474

482

486

492

497

506

512

518

522

533

537

539

545

554

558

565

571

580

586

595

601

607

613

623

629

633

637

641

647

652

658

666

672

678

693

704

711

722

723

732

737

743

750

754

765

772

780

796

806

809

820

835

844

847

857

866

879

881

888

896

899

902

906

910

918

926

930

935

939

943

947

953

964

972

978

984

988

995

1002

1008

1015

1020

1024

1029

1035

1044

1046

1052

1059

1067

1075

1085

1094

1100

1105

1111

1117

1122

1131

1139

1145

1149

1158

1162

1168

1177

1181

1185

1190

1194

1203

1211

1218

1221

1227

1231

1243

1251

1256

1261

1267

1268

1273

1277

1281

1286

1292

1298

1304

1309

1312

1317

1321

1326

1337

1352

1364

1368

1374

1379

1386

1401

1408

1414

1416

1419

1425

1433

1438

1448

1456

1465

1474

1483

1493

1504

1518

1527

1532

1546

1554

1561

1570

1581

1585

1595

1603

1612

1619

1631

1643

1651

1656

1666

1671

1682

1691

1702

1711

1718

1726

1737

1745

1754

1766

1772

1778

1789

1803

1816

1829

1838

1847

1865

1872

1885

1891

1900

1908

1917

1927

1934

1935

1944

1950

1961

1969

1976

1979

1988

1999

2007

2018

2026

2034

2045

2051

2058

2063

2074

2081

2086

2091

2098

2109

2113

2119

2128

2138

2147

2154

2159

2166

2168

2176

2187

2193

2207

2217

2225

2243

2250

2259

2265

2273

2281

2287

2298

2306

2309

2326

2334

2343

2352

2359

2366

2375

2380

2393

2402

2414

2428
