2

5

7

11

22

27

32

35

41

46

50

53

55

61

64

68

71

75

80

86

95

101

103

109

116

120

125

127

133

137

140

143

147

151

155

160

166

171

176

179

183

186

191

195

198

202

206

208

211

213

217

220

223

226

228

232

238

242

249

253

258

262

268

273

276

282

286

289

292

297

301

305

307

311

314

317

321

326

329

334

340

343

349

352

354

360

364

367

370

374

380

385

387

392

395

397

400

405

409

415

420

422

428

431

437

443

449

454

456

463

465

472

480

483

489

494

497

500

503

510

513

517

525

532

536

544

548

555

559

565

573

581

587

590

601

605

611

614

616

623

625

630

635

641

647

650

654

660

666

670

675

678

681

683

688

691

695

699

705

710

714

718

722

731

738

742

751

759

765

772

779

782

785

789

793

797

803

811

823

830

838

843

846

852

857

866

870

878

883

886

893

898

907

912

920

927

934

937

941

944

949

952

959

963

967

972

981

987

990

993

996

1003

1005

1010

1016

1018

1023

1030

1038

1040

1044

1048

1054

1057

1062

1066

1071

1075

1081

1090

1094

1098

1100

1103
