0

6

13

23

29

42

48

55

62

65

76

81

96

104

115

126

129

134

138

148

160

168

174

182

193

197

206

212

223

228

241

247

251

254

261

266

270

279

282

291

297

301

308

311

317

325

330

337

343

346

357

364

370

372

381

391

399

408

418

429

432

436

443

449

455

461

470

479

487

492

502

518

528

530

533

538

542

545

551

553

562

572

587

594

602

611

616

629

639

647

656

664

672

679

691

705

715

718

728

739

746

756

760

766

776

780

790

798

804

811

813

819

824

832

833

843

849

856

866

876

887

893

902

910

918

923

929

934

939

943

948

954

959

971

979

987

993

1002

1005

1018

1023

1030

1035

1043

1051

1054

1059

1063

1071

1075

1088

1090

1102

1109

1115

1123
