0

3

9

13

18

21

24

27

33

38

46

50

55

59

64

67

77

82

88

93

97

100

109

112

120

128

132

136

140

142

147

149

154

158

162

165

173

178

181

189

195

199

202

207

209

214

221

231

237

246

251

256

260

265

270

277

282

287

296

302

310

317

323

329

336

344

348

357

364

373

384

390

397

398

404

408

410

418

425

429

435

443

449

459

462

467

472

480

486

493

496

502

506

513

516

524

526

528

533

535

544

553

558

562

567

570

576

582

589

595

602

607

612

616

621

625

630

635

641

642

648

657

665

675

680

685

692

700
