1

15

23

31

42

47

53

59

62

66

74

82

86

93

100

109

114

132

141

151

160

165

177

186

192

206

218

233

244

254

264

270

275

281

286

290

294

298

304

310

315

321

328

332

338

345

352

356

362

366

375

380

385

390

393

398

405

415

420

425

430

443

456

466

472

475

480

485

494

500

505

513

521

532

540

551

554

558

566

581

593

599

606

619

629

636

641

647

655

661

669

680

689

696

700

710

716

724

730

737

743

751

762

773

780

790
