0

4

12

16

22

30

41

48

53

64

70

74

80

85

91

96

102

107

116

125

132

139

145

150

159

164

174

177

187

195

200

205

211

222

229

234

241

248

256

260

262

270

276

284

288

293

301

308

316

320

323

330

334

340

354

360

366

374

380

390

402

406

411

416

421

425

429

436

446

452

461

470

476

484

493

498

501

510

519

530

539

542

547

556

563

570

577

583

588

592

602

611

617

624

629

635

642

646

651

655

663

668

674

677

682

686

694

699

707

713

719

725

732

738

748

757

760

764
