2
8
12
21
31
39
47
58
65
73
81
85
89
92
97
100
104
107
110
119
126
132
141
147
151
160
165
172
182
189
198
205
212
216
222
224
234
246
260
265
272
278
284
290
297
303
307
311
321
324
326
328
336
344
348
361
366
374
378
384
389
392
395
403
408
413
415
419
423
428
431
435
442
446
448
460
464
470
474
481
486
490
495
500
504
510
514
521
523
527
536
543
547
555
559
562
567
572
580
587
592
600
605
610
613
619
624
630
634
639
651
656
662
672
676
681
690
700
703
713
718
722
725
729
733
739
752
757
765
770
781
790
794
799
804
808
813
820
829
837
840
844
856
862
866
867
872
879
888
894
904
908
911
916
920
924
931
938
945
951
957
961
966
976
980
989
1000
1004
1011
1020
1022
1028
1036
1041
1045
1052
1056
1064
1069
1075
1083
1086
1094
1105
1111
1119
1129
1135
1148
1153
1163
1168
1175
1178
1182
1187
1201
1205
1211
1218
1224
1229
1236
1239
1247
1255
1264
1269
1273
1278
1285
1296
1299
1309
1313
1320
1323
1330
1336
1341
1345
1356
1360
1368
1377
1382
1389
1397
1407
1417
1425
1429
1439
1446
1453
1459
1465
1476
1480
1486
1494
1503
1510
1516
1523
1532
1536
1540
1545
1554
1557
1565
1577
1585
1592
1596
1604
1607
1618
1623
1629
1636
1642
1649
1651
1656
1660
1666
1669
1675
1680
1694
1704
1709
1718
1721
1731
1739
1747
1753
1760
1769
1776
1782
1790
1799
1802
1807
1815
1817
1822
1829
1837
1841
1844
1851
1857
1864
1871
1879
1890
1903
1913
1920
1927
1936
1942
1948
1954
1964
1970
1977
1988
1990
1993
1998
2002
2010
2016
2020
2029
2032
2043
2048
2056
2060
2061
2071
2081
2093
2103
