1

5

12

14

19

25

31

36

40

44

49

55

61

72

78

82

88

94

99

111

115

125

136

141

145

151

157

162

168

172

177

182

190

193

200

205

208

219

232

236

242

247

254

263

265

269

271

278

281

285

292

296

301

305

309

315

319

321

324

329

333

336

341

345

349

355

358

362

366

372

375

382

388

394

399

406

414

420

425

431

437

448

455

460

463

469

472

479

483

489

493

496

507

514

524

528

531

545

555

561

567

575

579

583

590

597

599

602

608

621

634

638

641

643

648

655

658

661

667

673

677

687

692

701

708

714

721

728

733

740

743

748

753

757

760

768

772

778

788

798

799
