0

8

15

25

33

44

52

61

72

75

89

101

114

131

143

149

160

167

174

179

188

199

208

215

225

235

241

250

255

265

275

287

294

304

314

319

325

334

342

348

357

368

375

384

394

401

404

417

421

431

441

453

463

475

486

494

498

504

514

523

528

537

548

556

563

568

576

583

587

599

606

610

615

622

630

640

651

658

667

676

680

692

700

712

726

731

735

740

747

758

772

782

791

800

804

810

825

834

841

851

858

863

873

877

887

893

902

911

929

938

943

949

959

973

976

986

995

1007

1021

1027

1039

1043

1048

1053

1062

1065

1073

1082

1086

1101

1113

1120

1127

1144

1153

1163

1172

1174

1184

1196

1203

1211

1225

1233

1240

1248

1255

1260

1264

1278

1284

1289

1299

1301

1309

1320

1330

1335

1342

1349

1356

1365

1371

1376

1385

1396

1401

1418

1421

1430

1436

1440

1448

1455

1463

1471

1478

1491

1495

1503

1511

1517

1522

1529

1545

1555

1560

1568

1576

1588

1594

1607

1618

1626

1635

1642

1644

1651

1666

1674

1679

1690

1697

1707

1714

1723

1732

1738

1744

1753

1758

1771

1780

1792

1800

1806

1811

1820

1832

1839

1855

1860

1874

1882

1893

1901

1907

1916
