0

2

4

10

18

26

32

35

44

52

55

64

79

82

87

95

101

108

114

119

126

133

138

145

158

161

168

175

181

189

191

199

201

206

213

214

219

223

232

238

249

254

260

263

265

272

280

283

291

293

297

303

310

321

330

340

351

356

363

372

376

386

393

405

407

411

417

425

430

433

442

453

459

470

479

493

499

504

513

520

522

529

537

540

545

549

555

556

561

566

570

579

584

593

598

605

608

619

631

635

638

643

651

656

662

675

683

686

694

699

710

715

723

730

738

744

746
