0

3

8

17

28

32

40

45

52

60

69

75

87

105

118

123

133

143

166

178

188

195

207

224

242

251

256

269

281

286

300

311

327

336

338

349

356

372

375

386

391

406

412

419

430

443

447

456

460

469

475

480

492

502

513

521

528

536

545

552

558

569

580

587

602

613

623

629

634

644

653

658

663

673

675

680

688

700

714

723

735

741

754

770

781

791

798

808

809

814

823

848

849

863

871

877

884

897

906

920

929

948

955

964

973

987

996

1007
