0

10

14

18

24

35

45

66

71

79

94

103

110

122

133

137

140

147

157

166

175

181

186

191

197

206

211

219

224

232

238

243

246

254

257

260

273

280

286

294

312

326

330

337

345

349

355

362

368

374

377

389

393

401

405

409

418

426

435

441

448

451

461

465

469

477

480

484

491

499

507

516

520

524

542

551

560

571

584

596

606

613

615

619

627

636

640

648

653

660

671

684

689

694

701

709

717

721

734

741

749

754

769

777

781

785

792

807

812

818

824

835

839

850

856

864

871

876

884

888

894

898

906

910

914

922

931

936

942

947

951

955

965
