1

2

9

16

21

28

35

45

50

56

60

67

76

92

103

109

116

130

135

140

144

150

154

160

167

170

176

182

190

200

208

216

220

226

237

244

248

255

265

276

292

302

310

319

325

332

339

345

354

364

375

385

395

408

417

427

433

443

450

462

470

477

484

491

500

508

516

525

536

563

567

572

579

585

594

600

611

622

629

640

656

663

672

686

692

701

707

713

728

735

744

764

773

781

788

794

801

812

822

836

845

856

871

880

881

896

906

913

921

926

931

938

948

959

964

969

978

988

997

1006

1013

1026

1035

1042

1047

1055

1062

1066

1073

1080

1089

1097

1106

1110

1121

1126

1133

1142

1153

1158

1165

1170

1182

1188

1192

1199

1206

1212

1223

1227

1247

1254

1263

1271

1281

1301

1308

1319

1330

1333

1337
