0

5

15

25

35

40

59

66

69

80

84

93

103

110

117

123

138

146

159

173

183

192

203

210

217

223

231

236

244

248

263

272

274

285

295

303

306

309

318

328

332

341

361

371

381

387

389

400

403

411

414

423

430

434

443

455

464

472

480

487

501

511

519

531

540

548

555

558

573

589

592

599

608

621

629

636

642

651

660

668

674

688

697

709

721

730

740

747

754

760

768

773

778

787

794

805

814

825

829

835

840

847

854

868

878

892

898

908

916

923

928

936

944

958

967

976

987

996

1002

1014

1022

1028

1031

1044

1056

1059

1071

1076

1086

1091

1098

1103

1111

1128

1138

1147

1154

1159

1167

1180

1184

1192

1195

1196

1204

1209

1219

1223

1230

1233

1239

1246

1261

1274

1284

1293

1301

1306

1314

1316

1320

1327

1337

1345

1354

1365

1373

1380

1389

1398

1412

1421

1428

1436

1442

1447

1453

1461

1468

1480

1493

1512

1518

1522

1532

1540

1554

1565

1582

1591

1598

1605

1620

1626

1632

1633

1638

1645

1650

1655

1661

1671

1681

1689

1698

1701

1706

1710

1715

1722

1730

1740

1748

1756

1772

1781

1787

1792

1796

1803

1807

1812

1821

1823

1827

1840

1844

1852

1855

1862

1870

1883

1892

1899

1904

1912

1916

1921

1933

1944

1959

1968

1974

1978

1992

2003

2016

2025

2034

2045

2053

2061

2070

2076

2080

2084

2085

2094

2100

2104

2119

2129

2143

2153

2158

2168

2174

2184

2191

2200

2209

2212

2219

2228

2234

2237

2253

2256

2264

2273

2283

2291

2298

2307

2318

2324

2337

2347

2352

2359

2369

2380

2396

2407

2413

2420
