0

3

8

12

23

27

37

41

49

53

60

70

73

85

90

93

99

105

114

125

135

146

150

161

171

183

196

198

201

217

225

231

244

250

254

258

262

269

280

288

301

304

317

322

327

331

339

349

360

368

372

378

382

394

400

407

413

420

429

437

445

451

459

466

472

479

488

498

509

517

525

529

533

544

558

571

581

589

598

606

615

618

626

634

644

652

663

672

681

691

702

708

716

724

734

741

749

757

765

772

777

785

788

795

799

808

813

824

833

839

846

857

866

871

883

888

893

896

902

910

917

927

932

941

948

956

965

974

983

998

1013

1020

1028

1035

1040

1054

1058

1065

1072

1077

1083

1087

1089

1092

1101

1107

1111

1117

1127

1132

1143

1148

1151

1157

1167

1177

1183

1195

1200

1205

1212

1218

1227

1235

1243

1252

1267

1273

1280

1286

1290

1308

1315

1320

1331

1338

1344

1348

1358

1371

1380

1385

1396

1403

1409

1417

1421

1429

1437

1440

1450

1456

1465

1472

1484

1489

1495

1500

1509

1513

1522

1530

1538

1545

1552

1566

1575

1581

1594

1601

1607

1614

1620

1634
