0

3

12

22

27

33

39

42

52

67

74

85

97

106

118

123

137

142

148

161

179

186

196

205

213

224

230

237

244

251

262

268

275

285

292

302

307

315

321

328

336

345

356

377

387

392

401

407

424

434

442

449

455

468

472

483

494

505

517

525

534

537

542

551

563

570

596

602

605

608

618

620

626

634

641

644

652

659

662

672

680

687

697

703

707

716

720

729

741

755

762

770

779

786

794

806

822

832

837

850

859

867

879

891

901

910

916

923

934

940

946

955

960

968

976

984

995

1018

1028

1032

1052

1061

1073

1079

1089

1096

1113

1122

1132

1137

1146

1152

1170

1180

1187

1193

1210

1216

1222

1239

1247

1254

1260

1266

1272

1278

1288

1297

1303

1310
