1
4
8
15
21
27
28
38
42
50
56
60
66
69
73
79
85
90
98
105
112
121
128
134
141
150
158
167
175
182
192
205
208
213
226
235
240
251
257
267
279
283
293
300
307
317
322
329
335
343
353
372
384
390
395
404
409
415
423
426
433
442
447
459
466
480
485
490
494
500
503
511
519
523
528
534
542
550
557
563
570
575
582
585
590
595
599
605
612
621
628
633
637
646
655
659
664
670
676
683
694
701
706
714
723
731
734
749
757
765
772
781
784
788
792
800
804
812
825
836
843
853
863
869
874
881
886
893
906
911
915
923
932
938
945
948
954
960
962
967
971
977
983
992
998
1003
1008
1015
1023
1029
1038
1049
1056
1064
1070
1076
1078
1084
1086
1095
1104
1113
1115
1119
1124
1128
1138
1144
1147
1153
1160
1173
1177
1182
1200
1207
1213
1217
1223
1230
1240
1246
1251
1256
1265
1271
1275
1281
1285
1295
1303
1308
1312
1322
1331
1347
1357
1361
1367
1374
