1

8

14

18

26

32

37

40

45

58

64

69

77

84

103

119

123

128

134

139

152

159

163

175

184

196

205

219

226

236

244

262

269

281

296

303

314

320

326

351

365

379

390

397

403

404

415

423

428

438

443

446

448

452

461

471

478

485

492

499

511

518

524

536

549

554

557

562

574

584

588

596

604

608

613

622

632

638

646

653

656

666

674

685

689

697

704

711

715

725

733

741

746

754

763

775

783

791

797

805

807

811

819

825

828

835

842

847

853

862

869

874

879

884

891

900

912

922

925

935

936

942

944

947

956

959

968

971

975

981

989

994

1010

1016

1021

1032

1039

1044

1051

1056

1062

1063

1069

1076

1082

1092

1096

1110

1115

1125

1127

1132

1149

1158

1164

1169

1182

1191

1199

1211

1227

1234

1238

1249

1267

1273

1281

1288

1299

1304

1312

1334

1342

1348

1365

1373

1380

1391

1405

1413

1422

1441

1449

1456

1467

1472

1479

1485

1493

1499

1506

1513

1524

1531

1542

1550

1559

1565

1569

1577

1585

1588

1597

1606

1615

1618

1634

1644

1655

1661

1670

1676

1683
