0

8

14

23

28

41

52

59

75

77

86

96

98

100

107

116

125

131

136

142

154

163

173

180

184

189

195

203

211

217

226

232

234

241

253

259

265

270

274

276

286

294

302

322

333

339

344

349

354

358

363

368

375

379

391

403

415

428

433

451

458

466

472

475

487

496

502

512

527

535

545

548

550

563

570

574

583

594

598

604

612

621

628

639

655

660

664

668

678

687

693

704

711

727

739

748

756

761

767

777

782

788

792

799

805

808

811

818

823

830

834

842

849

859

867

874

880

882

891

895

903

907

916

921

927

932

941

947

953

959

965

968

974

988

995

1001

1006

1016

1023

1024

1026

1032

1036

1043

1050

1059

1068

1071

1074

1082

1093

1099

1103

1112

1117

1122

1127

1131

1133

1141

1146

1157

1166

1177

1184

1190

1199

1206

1211

1222

1232

1239

1246

1248

1255

1265

1271

1279

1291

1296

1306

1317

1323

1329

1337

1348

1357

1363

1368

1375

1384

1387

1397

1412

1416

1420

1430

1436

1447

1451

1459

1463

1472

1479

1483

1488

1494

1500

1510

1514

1519

1529

1534

1546

1551

1558

1563

1569

1573

1577

1582

1589

1596

1602

1608

1616

1621

1625

1634

1644

1649

1653

1657

1661

1670

1674

1681

1690

1695

1702

1708

1716

1720

1728

1730

1738

1746

1753

1758

1764

1771

1775

1783

1794

1802

1811

1816

1821

1828

1831

1838

1845

1849

1860

1864

1873

1882

1888

1893

1900

1904

1916

1926

1936

1940

1946

1954

1958

1971

1980

1988

1990

2001

2005

2011

2022

2028

2032

2038

2044

2052

2065

2069

2073

2077

2084

2089

2092

2096

2106
