0
5
10
16
21
35
42
50
57
65
71
77
82
86
94
104
114
123
129
138
144
152
157
161
165
168
172
177
181
191
196
206
211
217
221
229
237
241
247
251
253
255
262
267
279
284
294
298
307
311
313
324
333
339
344
355
369
373
377
382
386
390
394
401
406
416
420
427
432
436
443
450
457
463
468
477
480
484
493
501
504
509
515
522
529
531
537
543
549
555
557
565
573
577
582
590
595
602
609
613
620
628
633
639
646
651
658
663
666
672
678
681
685
692
697
702
706
713
718
731
737
742
744
750
754
759
764
767
777
783
788
795
803
811
817
822
823
828
833
843
847
850
855
858
863
867
873
880
887
895
899
906
909
917
922
927
930
932
940
949
958
961
967
970
976
982
987
992
998
1002
1005
1013
1019
1027
1033
1037
1043
1048
1052
1058
1067
1076
1083
1087
1094
1101
1105
1114
1121
1125
1131
1137
1151
1159
1164
1176
1182
1185
1188
1195
1202
1207
1212
1216
1220
1222
1235
1242
1246
1251
1255
1261
1264
1271
1277
1287
1293
1295
1309
1313
1321
1327
1333
1344
1347
1354
1359
1367
1372
1376
1382
1386
1393
1395
1403
1412
1417
1422
1431
1441
1449
1457
1462
