0

3

12

14

18

23

27

30

40

43

51

58

71

76

84

96

104

112

119

125

130

138

142

149

155

163

175

184

198

206

220

228

231

244

251

261

268

278

288

295

306

313

320

327

339

344

352

358

375

381

393

402

408

413

416

422

434

442

447

455

465

471

473

479

489

501

505

509

519

525

532

538

547

560

564

569

578

584

590

593

600

607

614

622

627

630

634

640

642

645

655

657

659

669

678

680

690

699

703

712

720

730

733

740

747

759

766

772

779

785

792

794

803

806

815

823

832

833

836

839

847

850

855

862

865

873

881

889

902

908

914

919

926

933

937

943

945

956

960

967

972

975

983

989

996

998

1001

1014

1027

1033

1041

1043

1047

1053

1061

1065

1075

1080

1091

1096

1100

1108

1113

1122

1135

1142

1144

1148

1150

1156

1166

1170

1180

1183

1192

1195

1201

1212

1216

1222

1228

1234

1239

1242

1251

1255

1261

1267

1272

1279

1285

1306

1315

1324

1329

1338

1344

1349

1353

1356

1359

1364

1369

1374

1379

1383

1392

1394

1397

1405

1413

1419

1426

1430

1433

1436

1438

1441

1447

1461

1467

1473

1480

1490

1494

1501

1505

1508

1514

1517

1522

1530

1536

1540

1548

1559

1564

1567

1573

1580

1587

1590

1597

1607

1614

1617

1627

1638

1649

1664

1670

1676

1683

1693

1705

1709

1711

1718

1728

1741

1742

1746
