1
3
9
20
26
31
46
55
57
62
81
93
101
122
128
137
145
161
168
174
182
187
197
206
212
222
227
247
254
266
272
281
285
290
304
312
320
328
339
350
355
364
372
381
389
395
398
405
414
428
439
442
448
456
463
471
477
487
497
507
514
528
531
537
555
557
570
579
585
592
598
602
609
632
638
649
654
666
678
686
695
714
723
730
735
742
752
764
775
785
804
820
828
832
838
848
858
867
879
891
902
910
918
928
931
941
955
962
977
990
1005
1008
1021
1030
1036
1045
1053
1062
1077
1080
1086
1100
1110
1115
1132
1143
1155
1160
1184
1194
1205
