1
5
9
13
19
27
37
48
57
62
69
78
84
91
100
107
118
124
132
137
148
151
154
165
172
178
183
188
194
198
200
205
207
211
216
219
226
235
237
243
247
257
261
263
268
273
278
280
286
290
294
303
309
312
318
322
327
330
333
338
341
346
350
357
360
364
368
375
383
387
392
399
400
407
416
421
425
434
438
442
447
451
456
462
468
475
479
486
490
495
501
509
512
516
523
525
529
533
540
543
547
550
554
562
568
573
577
585
591
598
603
611
621
625
636
638
643
649
656
661
668
673
677
683
688
695
701
705
712
719
724
731
736
746
753
760
767
772
777
783
794
799
