3
8
10
14
19
23
28
31
33
36
42
44
50
54
58
62
69
73
76
79
84
92
97
104
111
115
124
127
134
141
146
153
158
163
169
173
182
188
192
196
200
205
211
215
219
223
235
238
243
247
250
257
263
266
272
276
279
286
290
293
303
314
321
329
337
343
347
352
361
365
370
373
385
393
399
406
410
415
418
423
426
431
449
455
463
467
470
475
484
490
492
496
503
508
516
522
528
534
540
543
548
554
559
563
570
573
577
583
587
591
594
600
605
607
619
623
629
633
638
644
649
654
659
663
669
676
682
685
689
698
703
707
711
716
718
722
731
735
740
746
756
762
765
773
779
787
795
801
805
812
816
823
827
831
837
842
847
851
855
863
866
875
880
890
894
899
908
916
926
932
938
944
950
958
961
963
968
973
976
979
986
991
998
1003
1008
1011
1018
1022
1032
1036
1039
