0
4
8
17
25
41
43
55
66
71
86
94
104
111
114
128
137
152
163
165
180
192
194
206
220
232
238
249
259
267
278
285
293
298
308
311
316
321
327
336
338
340
349
358
364
370
377
384
390
398
405
411
418
425
429
436
440
445
451
456
463
475
478
483
488
495
502
507
510
517
524
532
540
543
546
554
560
566
572
576
580
586
594
601
606
615
620
629
634
640
643
647
653
659
663
670
678
689
696
701
706
713
716
719
723
727
736
745
753
757
767
772
786
792
797
809
822
827
837
841
845
855
861
875
880
884
893
897
903
911
919
922
928
935
941
948
955
960
964
971
973
978
981
988
993
997
1006
1013
1018
1026
1035
1042
1046
1049
1060
1064
1072
1081
1088
1096
1102
1105
1109
1114
1119
1122
1125
1128
1135
1139
1144
1151
1159
1163
1166
1174
1181
1191
1201
1208
1210
1214
1220
1227
1232
1236
1241
1246
1254
1261
1266
1274
1281
1288
1294
1300
1304
1308
1314
1320
1326
1338
1342
1345
1349
1353
1362
1366
1375
1382
1386
1391
1396
1403
1405
1409
1413
1418
1422
1426
1433
1436
1442
1447
1453
1462
1466
1469
1477
1482
1491
1493
1499
1502
1508
1516
1522
1531
1538
1542
1548
1553
1558
1570
1571
1575
1581
1585
1589
1593
1596
1605
1610
1618
1623
1627
1631
1639
1645
1652
1653
1659
1663
1668
1675
1683
1692
1699
1706
1709
1714
1719
1726
1732
1740
1749
1754
1759
1772
1776
1780
1786
1792
1794
1797
1804
1807
1817
1823
1828
1835
1843
1847
1852
1858
1861
1868
1877
1885
1892
1897
1905
1907
1913
1920
1930
1942
1947
1953
1957
1964
1975
1983
1994
2004
2008
2017
2024
2030
2039
2043
2044
2045
2056
2066
2072
2077
2081
2086
2091
2100
2104
2107
2111
2120
2129
2135
2144
