0
6
18
24
38
48
54
63
69
74
80
86
90
95
101
106
109
116
125
133
136
145
152
163
165
172
177
183
192
197
201
205
214
216
225
234
237
243
250
256
261
267
276
287
296
299
309
317
324
331
339
343
349
356
359
363
373
379
384
389
394
397
403
405
411
419
427
431
436
441
445
448
452
460
466
471
476
484
492
498
506
513
516
522
526
532
539
542
553
558
566
568
574
578
582
591
597
603
610
618
622
625
628
632
634
639
645
651
657
666
676
687
691
704
718
726
738
745
750
759
768
772
779
788
791
799
805
810
813
820
826
847
852
856
858
865
872
882
886
893
905
908
913
918
931
936
937
940
945
947
954
961
964
975
979
992
997
1010
1021
1027
1036
