1
7
22
27
33
40
53
64
67
72
80
85
89
94
101
113
119
129
134
136
143
148
153
164
168
172
181
186
192
196
210
221
226
232
242
250
258
261
269
278
281
287
294
305
308
320
323
328
345
350
355
362
371
382
393
405
413
424
430
440
444
450
457
463
475
490
496
512
522
531
538
542
546
553
561
566
573
580
590
597
606
617
625
632
643
647
653
662
670
679
681
691
701
714
722
729
735
742
750
761
767
777
783
786
798
805
821
828
833
846
853
865
877
881
884
891
901
909
918
922
927
932
938
945
954
966
968
977
987
990
993
996
1003
1012
1016
1027
1034
1043
1052
1057
1063
1067
1073
1087
1097
1102
1107
1111
1117
1125
1135
1140
1150
1154
1158
1164
1172
1179
1185
1194
1209
1212
1220
1223
1229
1236
1245
1250
1258
1268
1278
1285
1289
1299
1304
1311
1318
1322
1328
1337
1346
1357
1358
1361
1378
1395
1400
1410
