0

2

15

21

27

31

38

48

59

68

73

78

87

105

110

120

128

131

145

149

166

177

189

195

202

204

215

225

234

243

251

260

270

279

290

296

313

317

327

335

341

348

356

360

364

370

373

379

387

394

400

409

414

427

434

446

456

473

478

484

490

497

502

513

525

533

536

548

562

573

581

586

592

599

608

613

616

623

633

639

651

658

673

677

681

690

698

702

710

718

725

735

748

754

765

772

778

782

787

793

802

805

813

818

822

829

836

846

852

857

865

877

892

905

908
