1

7

13

16

25

28

36

44

49

54

58

72

78

81

87

98

102

107

113

117

125

132

139

151

161

173

177

183

188

194

204

213

216

224

233

242

244

246

251

254

261

270

271

274

278

286

292

295

298

307

324

326

330

335

339

340

343

349

359

364

368

373

378

387

392

398

403

418

422

429

438

449

458

466

473

478

485

493

498

507

514

529

538

543

554

564

572

589

597

611

625

631

633

637

642

647

654

664

668

670

674

685

693

697

702

705

710

717

726

730

737

741

746

754

762

765

770

777

783

787

790

794

799

814

827

834

841

843

850

853

859

865

867

877

889

895

904

912

924

932

940

948

953

964

970

972

976

981

988

993

998

1008

1016

1019

1024

1026

1031

1035

1040

1043

1046

1050

1059

1065

1070

1075

1086

1090

1098

1099

1102

1110

1113

1128

1133

1135

1144

1147

1155

1158

1167

1179

1185

1188

1194

1199

1205

1208

1214

1221

1227

1236

1238

1242

1246

1249

1250

1259

1263

1270

1273

1279

1287

1293

1299

1304

1312

1320

1326

1330

1335

1342

1348

1355

1361

1369

1375

1383

1385

1391

1399

1404

1408

1410

1411

1418

1423

1427

1433

1442

1446

1452

1456

1461

1471

1476

1485

1488

1494
