1

4

8

13

17

24

32

35

39

50

61

72

80

86

97

106

112

124

133

141

150

158

168

172

175

178

187

193

206

210

217

222

230

239

249

256

262

269

274

285

294

304

308

313

319

325

331

338

341

349

352

355

361

364

370

378

385

393

399

405

411

418

423

431

436

440

447

456

459

465

469

478

483

489

495

501

509

517

521

534

543

552

558

564

569

576

580

583

593

605

610

621

626

634

637

644

652

661

671

675

682

685

692

697

702

712

716

724

727

735

743

749

753

758

766

770

776

783

787

794

800

808

817

822

828

835

841

852

859

866

874

879

883

897

904

914

919

923

929

934

940

946

951

960

966

972

980

986

993

1002

1005

1011

1017

1025

1031

1037

1046

1052

1058

1062

1067

1075

1080

1084

1087

1091

1098

1105

1111

1122

1132

1144

1154

1160

1165

1170

1177

1181

1188

1197

1202

1210

1219

1233

1236

1246

1250

1253

1265

1273

1280

1287

1295

1301

1306

1315

1327

1331

1339

1346

1353

1356

1367

1376

1384

1394

1402

1407

1416

1426
