0
9
18
30
38
47
58
64
68
77
89
95
100
109
118
123
131
141
150
155
163
169
180
188
198
206
211
223
231
237
246
250
257
266
273
281
289
300
304
310
315
324
327
330
339
354
360
365
372
382
395
403
408
415
420
427
435
441
450
458
464
473
479
488
492
502
507
514
523
530
537
542
550
555
563
567
574
583
587
593
600
609
616
624
632
640
649
654
658
667
673
681
691
696
699
706
718
722
733
740
744
754
763
768
773
777
783
793
802
809
814
821
828
839
847
857
865
872
882
889
900
906
911
917
924
930
937
942
950
957
967
978
988
995
1005
1011
1022
1028
1035
1038
1044
1051
1060
1067
1073
1078
1089
1096
1115
1121
1128
1142
1147
1155
1162
1176
1180
1185
1191
1198
1206
1213
1219
1228
1238
1245
1255
1263
1267
1278
1284
1291
1298
1310
1320
1327
1335
1339
1344
1348
1351
1358
1366
1378
1384
1386
1392
1396
1401
1405
1413
1421
1431
1438
1449
1458
1462
1471
1486
1490
1495
1502
1507
1512
1529
1534
1540
1543
1547
1551
1554
1562
1572
1584
1589
1596
1611
1617
1621
1635
1641
1645
1649
1658
1663
1671
1677
1683
1698
1704
1714
1722
1733
1738
