0
3
11
15
19
25
28
36
45
48
56
65
73
77
82
91
102
117
133
144
151
160
166
174
182
199
205
213
222
229
239
250
255
266
278
285
293
300
311
318
328
336
345
352
359
369
375
384
389
396
407
416
422
436
451
460
474
487
496
502
507
519
526
537
546
557
562
567
572
578
583
592
599
609
615
622
629
636
642
647
650
658
666
672
681
684
690
692
699
701
711
714
722
728
736
741
748
754
762
771
779
785
790
795
803
810
814
822
828
830
836
841
843
851
856
862
870
875
880
889
894
900
903
906
919
931
933
944
952
961
967
974
979
985
996
1006
1009
1013
