2
7
16
26
31
40
46
54
59
71
74
80
86
92
100
105
109
114
120
129
142
149
154
161
168
174
180
185
192
203
214
221
229
233
235
240
250
255
260
267
273
278
287
297
304
318
324
332
338
342
350
357
366
378
392
399
405
414
419
425
430
435
447
454
459
469
474
480
484
487
491
496
504
513
521
533
539
550
557
565
574
580
588
597
605
615
624
635
640
646
653
668
678
693
706
711
715
725
737
744
749
755
761
768
775
784
788
793
800
806
815
820
825
831
843
854
863
870
877
883
890
895
899
910
912
916
925
932
938
