1

9

19

27

35

43

54

62

65

71

78

87

94

100

107

118

121

125

132

136

142

150

156

161

164

175

179

187

194

197

199

204

216

223

229

233

243

250

254

262

271

278

290

296

300

304

311

322

330

335

342

345

347

352

356

361

367

374

383

386

389

390

397

403

407

416

418

419

423

426

434

442

446

450

456

465

472

473

475

482

490

495

503

510

512

519

525

528

536

539

544

547

556

562

568

579

583

589

595

599

605

609

619

630

638

647

657

664

668

681

696

711

715

721

726

728

736

747

750

764

768

773

786

804

811
