1
5
13
17
38
46
48
55
60
69
74
87
89
107
113
118
127
133
139
150
155
161
171
174
179
188
190
200
206
215
224
231
237
244
253
259
265
268
277
284
290
299
305
312
317
322
329
332
336
345
349
351
356
360
367
371
383
390
393
397
402
408
424
427
437
440
449
455
460
466
470
480
494
503
516
521
531
539
548
555
563
566
573
578
582
588
598
604
610
613
620
632
642
649
663
670
679
685
687
707
716
723
728
731
738
749
755
759
764
771
780
789
794
797
810
814
820
824
829
839
850
856
862
878
885
887
893
902
907
916
921
933
941
948
952
960
964
972
978
988
993
996
1003
1017
1020
1029
1033
1038
1043
1049
1056
1061
1066
1078
1086
1095
1104
1115
1118
1125
1130
1135
1142
1149
1151
1157
1164
1176
1180
1187
1204
1210
1216
1224
1228
1238
1243
1247
1258
1264
1277
1282
1287
1302
1310
1314
1327
1340
1348
1351
1362
1368
1374
1383
1388
1393
1404
1407
1417
1424
1436
1440
1446
1458
1462
1468
1474
1481
1486
1502
1510
1519
1525
1530
1547
1560
1576
1584
1598
1606
1608
1618
1626
1631
1637
1643
1652
1656
1661
1664
1672
1679
1685
1694
1698
1713
1716
1723
1728
1732
1739
1750
1758
1771
1774
1781
1803
1806
1813
1820
1830
1836
1840
1858
1864
1870
1875
1878
1882
1885
1890
1902
1910
1914
1922
1926
1932
1937
1949
1952
1962
1970
1977
1982
1991
1997
2007
2016
2022
2031
2039
2045
2058
2064
2081
2088
2098
2108
2116
2127
2135
2141
2146
2153
2158
2166
2167
2171
2182
2192
2199
2207
2213
2220
2233
2240
2248
2255
2262
2267
2272
2287
2290
2294
2300
2304
2308
2312
2317
2328
2330
2336
2343
2350
