0
4
10
18
25
37
46
54
64
72
78
83
85
91
98
110
117
123
129
135
147
152
157
167
171
177
186
194
199
204
217
223
231
235
243
251
253
260
266
271
279
286
297
304
310
316
323
330
338
342
349
356
361
369
376
384
389
396
404
411
421
427
437
442
444
452
454
456
462
468
475
479
487
496
502
505
510
517
525
534
541
549
562
567
568
573
580
588
596
601
607
612
620
624
630
637
641
645
652
656
665
672
680
684
692
698
708
717
723
729
734
741
749
752
757
762
766
773
777
784
793
801
805
815
821
829
835
838
843
852
858
868
877
883
886
895
900
911
919
934
942
952
959
966
973
979
987
993
1002
1010
1017
1022
1031
1039
1048
1057
1061
1067
1075
1083
1089
1099
1109
1117
1125
1131
1145
1149
1158
1165
1168
1173
1181
1193
1200
1209
1213
1219
1225
1231
1235
1245
1249
1263
1270
1279
1286
1296
1302
1311
1320
1328
1344
1356
1359
1362
1372
1378
1390
1402
