1

2

8

16

17

20

26

29

32

33

36

40

44

49

56

59

61

63

65

67

74

79

86

90

92

96

98

103

108

113

117

120

124

128

132

138

141

149

151

155

157

161

165

171

176

180

184

186

190

192

197

199

200

205

208

215

219

225

226

228

230

232

240

243

245

250

256

259

263

266

269

274

277

285

289

294

295

299

302

304

309

313

315

318

326

332

334

339

345

356

358

362

368

372

375

378

381

389

394

398

402

407

411

418

425

428

431

436

440

443

446

448

453

455

457

460

467

470

473

476

480

485

488

492

498

507

511

514

518

524

527

531

533

534

537

541

545

551

556

566

572

583

586

590

596

599

609

621

626

631

637

645

648

651

655

659

663

667

675

683

690

697

703

711

715

724

727

731

738

747

751

756

758

759

761

766

770

775

780

786

788

794

798

804

806

810

817

819

828

831

834

838

841

843

854

858

863

865

869

874

878

881

885

887

890

892

893

899

902

906

912

914

917

918

923

928

931

933

939

942

947

949

953

957

960

965

971

973

974

978

981

983

988

997

1004

1007

1012

1018

1023

1028

1035

1042

1044

1050

1054

1060

1064

1071

1076

1081

1085

1090

1093

1095

1105

1107

1110

1114

1119

1124

1125

1127

1130

1133

1138

1142

1148

1152

1155

1158

1163

1170

1175

1178

1181

1185

1188

1192

1196

1200

1203

1205

1208

1213

1217

1219

1225

1229

1231

1236

1239

1244

1249

1255

1258

1268

1275

1279

1284

1288

1291

1297

1300

1305

1310

1312

1316

1318

1324

1330

1332

1339

1345

1346

1352

1354

1356

1361

1364

1368

1371

1377

1382

1386

1392

1400

1402

1407

1409

1415

1423

1426
