1
7
10
18
26
30
35
42
46
49
59
68
78
86
95
105
112
118
126
139
160
170
175
187
192
202
213
220
230
237
249
260
266
273
277
283
287
292
297
300
306
317
325
328
339
345
350
355
358
366
376
380
388
396
401
423
433
441
449
456
463
469
470
479
485
498
506
519
526
542
562
570
583
592
604
608
626
641
646
660
674
685
693
706
718
726
733
745
751
758
764
768
780
790
806
815
823
831
835
842
854
863
870
884
892
898
904
914
927
941
948
954
958
963
973
981
985
994
1003
1017
1023
1038
1045
1054
1062
1071
1093
1106
1121
1126
1134
1142
1160
1172
1174
