0
3
14
16
22
29
37
45
50
54
66
74
82
90
97
112
123
130
137
141
144
148
156
165
173
179
192
200
212
224
239
251
258
264
273
284
294
304
313
322
330
336
347
359
370
380
389
400
408
417
422
425
436
447
451
469
474
483
485
492
503
510
523
529
547
554
569
582
593
607
610
620
632
646
652
663
669
680
687
698
711
716
724
733
745
758
768
785
795
805
818
820
824
829
837
849
858
866
878
889
897
900
906
907
917
931
934
954
962
968
971
980
989
1014
1026
1049
1058
1070
1085
1091
1097
1110
1115
1119
1124
1129
1134
1138
1141
1152
1166
1173
1181
1190
1198
1216
1222
1233
1237
1246
1253
1259
1269
1283
1290
1299
1306
1309
1317
1327
1342
