1

2

7

10

16

26

32

40

43

53

58

68

78

85

91

100

114

129

135

141

150

155

160

171

182

194

199

205

214

224

236

247

252

268

282

292

309

315

323

330

343

346

350

360

371

381

386

389

396

403

411

415

422

424

435

438

447

451

457

467

476

483

489

501

514

519

529

543

548

553

559

566

573

585

596

607

615

619

635

649

652

658

668

679

690

705

717

721

732

740

746

755

761

774

786

794

802

808

825

831

835

842

850

857

859

866

874

878

885

893

900

904

912

921

930

939

948

956

965

972

978

984

994

1002

1013

1023

1036

1041

1046

1052

1059

1067

1078

1084

1090

1095

1106

1120

1125

1132

1140

1144

1156

1162

1169

1177

1183

1193

1199

1208

1220

1227

1234

1244

1250

1256

1265

1272

1279

1289

1296

1306

1311

1320

1336

1341

1351

1357

1362

1371

1378

1387

1397

1409

1419

1425

1428

1439

1441

1446

1448

1458

1466

1475

1488

1492

1497

1502

1507

1510

1517

1523

1529

1533

1542

1548

1555

1561

1565

1569

1572

1582

1593

1613

1620

1630

1640

1648

1657

1662

1668

1674

1678

1689

1696

1702

1704

1715

1719

1728
