0
9
11
12
16
21
32
37
46
54
60
72
82
88
95
98
104
107
117
121
129
131
135
138
141
149
155
159
163
167
172
175
180
186
193
200
206
210
217
219
224
231
236
242
245
250
260
264
270
275
279
284
288
292
297
301
311
316
319
323
328
337
342
345
349
353
362
364
368
378
387
389
398
402
407
409
412
415
418
421
425
427
433
442
453
465
477
478
483
489
492
497
503
505
509
521
523
527
530
533
538
543
551
556
561
568
578
581
585
592
595
601
606
615
617
621
625
630
635
642
645
651
658
670
675
679
683
692
701
710
716
725
730
734
740
746
752
756
770
771
776
778
780
783
788
791
794
798
805
809
815
817
823
839
841
850
857
864
868
878
885
888
889
893
895
899
902
907
914
924
933
937
943
955
960
966
973
979
995
998
1004
1010
1024
1038
1045
1051
1060
1064
1066
1074
1078
1088
1094
1100
1103
1106
1118
1122
1137
1151
1163
1172
1173
1177
1180
1183
1186
1192
1197
1201
1208
1210
1218
1227
1232
1234
1239
1242
1248
1252
1254
1257
1260
1265
1271
1275
1279
1283
1286
1293
1303
1306
1310
1317
1320
1325
1331
1341
1345
1347
1355
1359
1366
1371
1378
1383
1391
1395
1406
1411
1415
1424
1427
1431
1461
1473
1479
1484
1486
1492
