0
9
15
22
26
37
51
63
66
74
84
95
105
112
120
124
128
134
141
149
158
161
166
176
183
190
198
204
212
220
226
237
246
254
260
271
278
284
291
300
311
317
323
326
332
342
348
360
363
368
375
379
384
393
396
402
411
414
426
436
441
450
457
467
475
482
487
496
500
509
514
519
527
535
545
555
561
571
579
589
601
610
617
625
634
643
651
657
665
671
680
684
694
703
709
714
723
727
735
746
755
762
767
774
777
782
787
793
798
804
817
825
836
841
847
853
859
862
864
874
881
890
897
903
912
916
922
928
942
954
963
974
980
988
996
1008
1023
1028
1038
1049
1054
1062
1072
1079
1086
1090
1093
1098
1105
1108
1114
1122
1127
