0
3
9
13
18
24
29
33
43
50
56
59
66
71
77
83
91
98
105
113
120
124
126
132
137
145
152
157
167
170
180
187
196
201
207
213
221
226
229
235
239
248
251
256
270
274
283
289
294
300
308
315
323
332
342
350
355
361
370
377
381
389
396
403
408
412
420
423
427
433
443
451
455
463
469
473
478
490
500
509
518
525
530
534
548
561
569
584
590
603
611
619
627
630
634
639
645
656
661
667
679
684
693
699
702
706
712
713
717
719
724
728
732
737
743
745
754
757
763
766
772
776
779
781
787
789
797
803
808
811
816
826
835
839
846
855
860
863
