0
9
12
16
18
28
36
38
44
51
54
61
67
74
79
89
92
97
104
110
119
123
132
144
154
158
163
168
174
182
186
193
197
202
206
211
216
223
230
235
244
249
256
258
260
262
267
270
279
286
291
298
306
315
322
328
336
344
353
369
372
377
387
398
403
408
413
418
424
430
436
446
453
458
464
472
476
481
488
491
497
504
511
517
522
526
529
535
543
554
563
567
571
578
583
590
596
603
608
618
624
629
632
644
649
661
664
669
676
687
692
698
705
713
724
728
747
763
768
775
781
788
792
799
802
806
811
818
825
829
837
844
851
856
863
865
868
872
879
881
883
889
897
902
907
916
923
928
933
937
942
950
952
959
971
982
991
1002
1008
1021
1028
1034
1043
1053
1063
1067
1073
1076
1084
1086
1093
1109
1120
1127
1136
1145
1152
1158
1170
1182
1186
1190
1193
1197
1202
1206
1215
1220
1227
1234
1241
1252
1255
1260
1263
1272
1283
1290
1295
1300
1307
1311
1318
1325
1334
1340
1349
1352
1356
1360
1365
1368
1371
1374
1378
1382
1384
1390
1393
1397
1403
1407
1415
1420
1424
1433
1440
1444
1455
1462
1467
1468
