0
9
11
14
22
26
31
38
43
48
56
60
66
72
76
89
92
95
101
112
114
118
122
126
132
138
151
158
162
174
181
196
207
210
215
223
227
232
238
249
258
265
276
282
288
293
297
301
309
317
323
326
333
343
351
358
376
384
389
391
396
399
402
407
411
415
420
426
430
436
442
446
452
457
460
465
469
474
482
484
488
494
499
502
507
511
517
523
526
529
533
538
545
548
553
558
560
566
570
579
584
592
600
607
615
620
622
627
634
637
641
650
654
660
665
672
676
680
686
688
692
698
708
712
714
722
729
735
739
744
751
752
759
768
778
784
789
794
798
805
824
835
844
848
854
861
866
