0
3
9
14
17
22
32
36
42
52
59
66
74
84
93
101
106
111
115
120
128
134
141
149
158
164
170
173
179
188
198
203
210
215
222
225
231
235
241
261
267
273
281
287
297
304
307
312
318
323
332
338
346
353
364
376
385
389
394
398
403
410
414
420
426
431
436
443
454
462
469
478
485
495
502
508
513
519
527
535
548
552
556
565
576
580
584
598
603
606
611
617
622
629
639
645
652
657
663
669
675
682
688
693
704
709
713
719
723
732
740
746
752
760
767
770
774
781
785
793
799
806
810
815
820
825
829
833
841
845
849
856
863
869
874
882
884
896
902
908
914
916
924
929
939
945
951
959
967
975
984
991
998
1004
1011
1020
1029
1037
1049
1055
1059
1064
1069
1079
1085
1090
1095
1102
1108
1115
1123
1128
1137
1145
1153
1156
1162
1168
1176
1190
1193
1198
1203
1209
1216
1227
1232
1238
1246
1252
1259
1264
1266
1272
1279
1286
1292
1304
1309
1316
1323
1334
1340
1348
1356
1362
1366
1375
1379
1384
1387
1391
1399
1408
1420
1430
1440
1446
1452
1459
1468
1478
1482
1490
1495
1501
1507
1512
1517
1524
1531
1536
1554
1559
1566
1577
1581
1590
1596
1609
1615
1620
1627
1635
1641
1649
1657
1666
1672
1686
1695
1698
1700
1702
