0
3
9
14
19
24
30
36
49
56
58
64
70
72
76
80
90
97
106
112
114
119
126
135
138
143
146
158
167
173
181
192
196
205
214
222
229
241
247
251
258
261
270
279
282
287
294
304
311
326
335
337
342
345
348
351
352
358
364
374
384
388
396
402
407
417
426
434
438
448
460
463
474
494
504
507
513
522
528
531
535
543
548
555
564
568
572
579
581
584
587
595
597
600
610
616
620
624
634
641
648
652
661
664
668
679
686
689
698
709
715
726
738
744
754
760
769
773
777
787
794
812
815
822
829
840
846
852
864
880
885
896
899
907
910
917
925
938
940
947
951
960
964
972
984
991
1003
1010
1014
1018
1021
1025
1033
1041
1045
1048
1056
1062
1068
1076
1082
1084
1091
1097
1106
1116
1122
1127
1137
1140
1143
1154
1157
