0
10
14
22
25
33
46
51
56
67
93
96
102
108
111
117
123
134
136
146
157
164
169
175
178
187
194
202
209
216
224
234
239
245
252
263
268
276
279
285
294
301
308
316
321
329
335
342
345
352
359
365
374
380
391
396
399
406
412
423
433
437
446
456
463
465
468
472
476
482
492
503
511
517
527
534
542
552
559
562
567
571
577
586
591
599
603
614
626
636
642
647
659
664
670
681
701
706
712
721
726
732
736
742
749
759
767
773
781
790
794
803
808
814
819
822
829
832
837
845
858
862
868
876
880
886
891
898
903
906
914
917
923
928
939
943
947
957
963
968
974
981
990
999
1008
1013
1019
1028
1032
1038
1044
1054
1058
1069
1074
1079
1081
1087
1091
1098
