0
9
11
19
23
35
46
51
59
66
70
78
83
88
90
100
104
110
114
116
120
127
130
132
137
141
150
152
155
159
161
171
183
191
195
197
205
214
219
227
231
234
241
245
255
264
268
273
279
283
290
295
301
304
315
319
322
330
337
348
349
364
369
385
398
412
418
424
430
438
449
455
464
472
480
490
494
504
513
515
525
531
545
554
558
561
565
567
570
577
585
595
604
609
615
622
626
628
634
645
650
659
664
672
681
684
692
698
702
707
709
725
731
738
753
757
761
765
772
775
780
786
796
801
806
812
819
827
829
834
842
844
847
852
856
862
869
880
889
891
893
899
905
910
918
929
934
944
952
957
968
980
983
987
993
998
1001
1009
1014
1021
1032
1046
1073
1077
1084
1091
1096
1105
1112
1118
1120
1127
1139
1155
1161
1164
1170
1178
1183
1187
1194
