0
3
9
15
23
28
33
37
45
55
66
76
83
86
102
105
107
111
119
124
128
132
140
142
145
153
157
161
165
167
168
186
191
198
201
208
211
214
222
232
240
250
254
257
267
270
272
277
289
297
305
311
316
322
329
334
343
349
367
374
382
388
395
403
408
414
418
424
428
429
434
439
445
449
456
472
484
487
495
503
509
513
525
529
534
543
555
564
570
580
585
595
610
615
625
630
637
646
652
659
668
677
690
699
707
714
719
725
729
736
739
748
758
762
770
776
785
795
806
809
817
821
830
835
841
844
851
859
864
866
873
883
887
895
899
905
911
921
930
946
953
956
967
976
982
988
996
1014
1030
1036
1042
1049
1053
1060
1067
1073
1076
1084
1095
1102
1109
1119
1127
1135
1142
1146
1154
1158
1165
1172
1184
1192
1198
1208
1217
1219
1226
1234
1239
1243
1252
1256
1265
1270
1277
1282
1288
1292
1302
1314
1322
1328
1343
1350
1359
1367
1376
1387
1403
1408
1420
1428
1446
1453
1461
1469
1474
1480
1487
1496
1502
1507
1515
1521
1529
1544
1551
1559
1566
1570
1576
1583
1587
1593
1596
1600
1604
1610
1617
1627
1634
1643
1648
1654
1659
1667
1675
1686
1693
1697
1703
1710
1713
1714
1724
1729
1736
1744
1753
1765
1771
1787
1789
1797
1809
1814
1819
1828
1837
1840
1846
1855
1859
1864
1868
1880
1889
1896
1902
1908
1915
1925
1932
1936
1940
1946
1952
1958
1970
1976
1985
1998
1999
