0
9
15
17
21
24
28
31
40
52
56
61
70
80
87
94
102
117
120
126
130
139
143
147
151
160
166
173
179
192
201
214
223
229
239
246
248
260
267
271
279
285
296
311
319
329
337
348
354
364
377
383
385
390
401
403
410
412
417
421
425
432
436
443
450
456
462
465
469
472
478
483
490
497
501
505
509
524
531
534
543
550
556
562
565
576
585
588
595
600
606
611
618
630
641
647
650
657
666
670
677
684
693
700
704
710
719
726
735
738
746
748
756
760
768
772
779
789
798
801
807
812
820
825
834
837
842
848
858
871
874
878
881
884
892
895
900
904
911
915
920
926
934
939
944
945
950
953
956
959
967
975
979
987
994
1008
1011
1017
1023
1029
1041
1045
1048
1057
1060
1064
1070
1076
1084
1087
1090
1093
1099
1106
1108
1113
1121
1129
1134
1138
1148
1151
1161
1170
1176
