0
9
19
24
35
41
47
56
62
67
70
75
79
88
94
102
105
114
120
127
135
141
148
157
163
171
183
186
198
201
210
223
227
234
241
248
251
261
267
274
281
285
292
296
303
307
312
318
326
342
346
355
361
372
380
391
400
408
414
422
431
435
438
444
446
453
460
464
470
477
484
490
494
506
516
535
543
548
555
565
571
575
581
590
599
603
609
620
621
627
639
647
653
659
664
666
672
676
681
685
690
691
696
701
705
714
718
725
730
737
742
747
752
759
765
771
779
785
798
804
816
824
833
840
847
858
870
881
894
900
915
926
935
941
944
950
957
962
967
975
982
990
999
1008
1018
1025
1033
1039
1046
