0
3
9
14
32
35
44
51
59
66
71
78
87
94
111
119
143
152
166
174
178
188
196
199
202
204
212
218
229
232
244
260
265
284
292
302
310
316
322
327
332
342
351
365
370
377
395
408
418
425
434
438
442
448
459
466
477
484
493
500
508
510
522
531
534
541
552
556
570
575
584
588
593
597
600
607
610
614
620
628
632
639
648
659
667
673
679
690
703
711
714
721
726
734
741
757
767
775
782
789
801
810
815
822
835
844
854
863
878
882
890
895
908
921
928
936
943
947
955
968
981
995
999
1009
1021
1026
1034
1043
1050
1055
1071
1077
1089
1096
1101
1110
1119
1134
1142
1154
1160
1169
1174
1184
1195
1212
1222
1226
1231
1235
1241
1246
1255
1258
1266
1273
1280
1288
1304
1312
1331
1340
1345
1352
1355
1363
1369
1374
1385
1393
1409
1417
1425
1428
1433
1438
1443
1452
1458
1469
1490
1498
1502
1508
1520
1531
1540
1547
1556
1560
1577
1582
1595
1606
1614
1629
1644
1658
1674
1681
1696
1713
1726
1735
1744
1751
1761
1764
1766
1772
1785
1803
1812
1841
1847
1863
1871
1884
1890
1892
