0
12
16
21
34
38
44
50
59
63
70
77
84
89
99
108
113
118
122
125
137
141
145
152
155
160
166
175
180
186
191
197
204
207
211
220
224
227
231
238
245
250
256
264
269
273
279
284
292
302
308
316
323
331
337
348
354
357
365
368
378
382
391
394
399
406
412
419
422
427
431
436
442
452
458
462
465
471
485
491
493
499
503
507
512
519
530
532
534
542
554
559
569
577
578
581
586
589
591
596
602
607
616
623
628
633
638
644
647
651
657
664
667
672
679
683
690
694
702
708
713
720
726
732
741
745
747
750
755
761
770
773
779
784
787
793
