0
9
15
22
33
42
58
62
66
73
83
92
99
103
110
115
123
135
156
162
171
185
190
197
202
206
213
217
225
230
235
242
253
266
271
277
283
288
298
307
314
317
323
334
341
346
356
361
366
375
381
388
391
395
407
414
420
426
439
445
454
467
479
481
485
495
502
511
522
530
534
548
555
561
569
578
584
587
596
603
615
626
630
640
645
654
659
669
673
685
691
699
705
710
717
726
735
744
750
756
763
767
769
774
781
789
796
800
808
813
820
828
836
845
852
857
864
868
872
879
886
894
899
902
908
915
921
927
932
938
945
952
961
970
976
981
990
996
1003
1015
1023
1028
1034
1040
1048
1053
1057
1066
1070
1079
1086
1094
1099
1107
1113
1120
1126
1129
1133
1140
1147
1153
1162
1168
1175
1181
1189
1192
1199
1211
1219
1224
1232
1240
1248
1253
1261
1264
1274
1284
1291
1297
1303
1310
1324
1334
1340
1348
1350
1360
1363
1369
1375
