0
3
9
13
18
24
37
45
54
66
73
80
84
92
110
118
128
144
157
164
175
187
200
216
226
237
242
248
265
270
278
284
293
301
308
318
326
334
341
344
352
358
363
374
379
383
389
399
402
407
416
428
432
436
448
454
460
468
477
485
488
494
501
511
521
528
532
544
553
565
571
580
584
594
603
611
624
627
634
641
651
658
668
678
686
692
702
715
721
723
731
739
742
750
757
762
772
781
785
790
796
801
809
818
822
829
843
845
855
865
881
883
887
896
902
909
921
924
937
944
952
955
961
970
975
984
992
997
1008
1019
1026
1032
1035
1042
1048
1055
1060
1068
1071
1077
1082
1090
1098
1102
1108
1117
1123
1132
1138
1150
1156
1168
1172
1181
1186
1193
1200
1204
1209
1217
1222
1235
1240
1243
1252
1257
1266
1273
1283
1290
1298
1307
1312
1319
1325
1334
1340
1346
1350
1355
1362
1368
1377
1387
1395
1405
1415
1431
1450
1462
1466
1473
1479
1491
1496
1511
1519
1526
1535
1539
1543
1545
1548
1552
1557
1562
1570
1576
1585
1588
1593
1599
1604
1611
1615
1619
1625
1631
1644
1650
1655
1664
1676
1685
1687
1697
1703
1709
1716
1724
1728
1735
1739
1745
1753
1760
1767
1773
1777
1783
1790
1796
1801
1806
1823
1825
1841
1849
1856
1863
1879
1884
1892
1895
1898
