0
9
13
19
24
30
45
50
55
60
66
77
90
94
102
107
119
126
134
138
145
155
172
184
196
199
211
219
223
229
235
247
253
259
266
271
277
288
296
306
317
322
327
336
349
365
369
376
381
391
398
403
414
421
432
437
440
454
464
469
474
479
491
494
503
512
520
534
539
544
551
553
556
561
569
576
582
591
600
614
618
620
627
638
644
648
651
660
670
686
694
703
712
716
726
730
731
738
742
751
758
761
775
784
791
802
805
812
816
823
838
847
850
854
860
870
874
883
890
893
898
900
905
907
915
922
933
935
942
949
959
970
980
986
994
1000
1008
1017
1025
1031
1048
1056
1064
1067
1072
1082
1085
1089
1098
1104
1110
1115
1118
1124
1137
1148
1150
1158
1160
1167
1180
1191
1203
1208
1210
1214
1216
1218
1224
1229
1233
1235
