0
10
11
14
20
27
34
38
42
45
55
60
64
69
74
82
87
92
96
103
105
111
120
125
130
135
140
146
152
158
164
172
177
184
192
197
207
212
217
221
225
230
233
237
243
248
258
268
272
279
286
293
302
309
314
321
328
334
341
356
363
374
379
383
386
390
393
398
403
407
414
418
421
429
438
442
446
457
462
476
482
491
504
509
521
535
545
550
555
559
563
572
578
582
585
590
599
603
609
612
617
626
630
635
639
644
651
657
663
667
671
676
679
683
686
690
695
700
709
713
717
721
725
736
745
748
753
761
766
773
778
788
801
806
811
816
823
830
837
846
855
860
871
884
890
900
909
914
921
931
939
943
950
960
965
976
978
982
987
990
997
1003
1019
1025
1034
1043
1055
1069
1075
1081
1087
1093
1106
1114
1119
1124
1136
1142
1150
1155
1163
1168
1172
1175
1178
1184
1195
1201
1204
1210
1214
1222
1226
1232
1237
1240
1245
1266
1278
1281
1293
1305
1314
1321
1322
