0
14
22
25
35
44
51
60
64
70
75
78
84
86
92
101
103
105
110
121
125
129
137
142
149
155
163
170
180
185
190
192
196
201
207
210
212
221
227
230
237
239
244
247
256
261
278
284
300
303
309
313
318
323
338
344
350
357
360
367
371
375
379
388
390
393
400
405
409
412
417
425
431
440
447
450
458
462
470
474
477
482
488
493
502
505
512
521
525
546
552
554
559
562
570
575
578
582
586
593
600
604
611
617
620
622
625
635
641
648
652
666
668
679
685
691
695
701
705
712
716
719
726
732
736
741
746
750
758
768
775
779
781
782
786
792
796
800
804
809
813
817
823
832
839
842
849
851
857
862
868
877
882
887
891
895
901
909
919
925
931
946
957
973
985
992
995
1004
1013
1023
1027
1036
1051
1055
1071
1079
1088
1090
1096
1100
1110
1114
1120
1125
1128
1134
1138
1141
1146
1156
1158
1164
1172
1174
1182
1186
1195
1200
1206
1211
1216
1223
1243
1250
1262
1265
1281
1284
1287
1302
1308
1317
1332
1335
1340
1343
1345
1349
1352
1358
1362
1365
1371
1376
1381
1384
1391
1397
1403
1412
1425
1435
1442
1450
1456
1460
1468
1471
1474
1476
1484
1494
1503
1513
1518
1529
1534
1545
1553
1566
1573
1581
1584
1592
1601
1613
1618
1626
1637
1639
1654
1657
1665
1668
1678
1684
1695
1697
1707
1710
1716
1723
1733
1737
1745
1749
1755
1763
1776
1779
1787
1790
1797
1801
1812
1817
1819
1823
1833
1843
1855
1864
1870
1876
1879
1885
1888
1894
1901
1911
1916
1921
1941
1948
1954
1958
1962
1966
1970
1979
1990
1991
2001
2008
2013
2018
