0
9
11
13
20
27
37
42
49
58
64
72
80
90
102
110
125
128
134
141
150
156
165
173
179
181
197
206
212
220
225
231
236
242
249
253
261
265
277
285
296
303
321
329
343
347
352
359
364
371
378
383
390
401
407
411
420
427
434
441
449
454
458
476
481
490
498
502
512
518
525
533
540
550
557
565
572
580
592
606
613
628
638
646
664
674
676
685
689
694
703
709
720
733
739
745
753
761
767
775
778
784
791
795
799
804
812
814
822
831
834
838
846
852
858
873
877
882
891
897
903
917
930
937
943
947
951
960
968
978
982
990
998
1009
1017
1024
1031
1039
1043
1052
1060
1063
1070
1072
1076
1090
1104
1113
1128
1140
1146
1154
1159
1169
1173
1183
1188
1194
1202
1210
1221
1229
1238
1245
1253
1260
1267
1279
1283
1291
1304
1312
1326
1329
1334
1340
1346
1353
1361
1370
1374
1388
1397
1408
1424
1431
1437
1444
1449
1457
1462
1470
1481
1488
1496
1504
1513
1521
1527
1533
1541
1550
1563
1572
1584
1590
1599
1605
1615
1621
1635
1639
1645
1646
1649
1657
1666
1675
1684
1691
1698
1702
1707
1715
1723
1727
1733
1743
1751
1760
1767
1780
1787
1793
1801
1809
1816
1828
1848
1857
1864
1868
1872
1877
1885
1890
1897
1899
1908
1915
1921
1935
1946
1957
1961
1973
1983
1989
1999
2006
2012
2018
2026
2036
2043
2052
2066
2074
2077
