0
3
9
15
24
32
38
49
52
60
67
71
75
80
86
99
106
111
116
128
135
141
152
156
161
166
173
177
187
194
206
212
223
230
235
244
250
264
273
283
298
306
316
322
330
340
351
356
364
372
388
391
397
409
413
418
431
437
451
457
462
466
473
480
486
495
504
510
519
525
533
540
548
561
565
568
578
582
589
598
603
610
620
624
630
639
644
650
658
663
670
681
690
702
711
720
730
742
755
766
777
783
789
794
798
808
819
825
833
842
855
863
873
879
885
894
902
910
914
921
930
936
940
947
955
962
963
969
976
982
988
998
1008
1015
1022
1025
