0
9
13
22
26
34
39
43
53
59
64
68
75
80
84
89
101
105
115
120
123
133
140
150
156
160
164
179
189
195
202
211
219
227
237
247
254
264
272
279
288
298
310
314
318
325
330
333
338
347
351
358
368
375
380
386
394
410
418
425
430
431
439
445
451
457
465
469
473
484
502
508
512
520
527
532
536
543
549
552
560
569
577
587
597
606
619
623
626
631
636
640
645
649
656
664
668
670
675
679
686
694
697
702
704
713
719
725
730
737
744
750
756
762
770
775
790
796
804
812
824
830
838
845
850
858
869
873
878
887
895
902
908
917
924
930
939
943
948
952
962
975
980
984
988
993
998
1003
1005
1016
1023
1030
1047
1053
1058
1067
1078
1085
1094
1098
1104
1112
1116
1130
1133
1139
1143
1150
1153
1160
1165
1173
1182
1193
1200
1203
1208
1215
1223
1228
1234
1240
1247
1252
1255
1265
1268
1277
1282
1288
1296
1299
1305
1318
1325
1331
1341
1350
1356
1362
1368
1378
1390
1392
1397
1407
1415
1420
1424
