0
3
9
14
22
31
40
50
61
65
74
80
87
96
102
116
118
126
132
140
146
153
162
165
171
176
184
193
203
209
214
221
228
237
238
247
255
259
266
273
278
287
296
303
311
317
320
325
328
334
339
351
354
366
373
377
384
389
395
401
407
416
421
429
432
434
440
444
448
455
457
461
475
485
491
496
501
506
512
523
534
557
563
567
576
585
589
602
610
616
620
626
635
642
646
658
668
686
694
702
706
708
715
717
723
728
738
741
744
748
753
758
762
766
769
782
786
792
794
804
810
815
821
826
835
841
847
856
864
871
875
877
880
886
892
895
903
909
911
920
927
932
934
938
942
954
962
964
976
991
1000
1007
1015
1019
1025
1033
1042
1053
1065
1068
1075
1082
1091
1097
1100
1101
1106
1111
1118
1122
1127
1136
1140
1145
1151
1153
1157
1160
1167
1170
1174
1181
1185
1193
1198
1203
1211
1216
1221
1237
1245
1254
1259
1263
1269
1279
1285
1293
1299
1305
1317
1326
1334
1338
1345
1353
1361
1369
1375
1381
1387
1395
1403
1409
1421
1426
1430
1437
1445
1449
1455
1463
1467
1474
1482
1486
1489
1495
1500
1504
1506
1509
1520
1525
1526
