0
3
9
10
17
23
32
42
50
61
62
74
77
82
89
97
108
119
121
127
133
142
149
151
159
161
172
181
189
194
198
206
210
214
227
240
252
258
267
273
283
287
298
306
315
325
337
345
350
360
369
374
383
388
395
404
411
417
424
435
439
449
455
466
473
481
487
492
501
510
521
531
533
541
547
553
563
571
581
588
599
607
613
616
626
630
638
643
647
651
656
662
671
676
687
694
707
712
720
731
739
745
754
760
766
770
774
783
794
803
807
817
826
832
836
845
850
860
866
873
879
887
892
896
900
905
914
923
935
940
947
956
964
969
973
979
984
992
999
1005
1011
1020
1024
1032
1036
1048
1059
1067
1078
1087
1096
1106
1110
1115
1125
1131
1137
1143
1148
1152
1158
1163
1168
1172
1178
1183
1192
1196
1201
1206
1210
1216
1222
1227
1233
1239
1243
1250
1255
1258
1267
1273
1277
1279
1292
1302
1309
1316
1321
1329
1337
1343
1355
1362
1371
1376
1382
1387
1394
1400
1408
1418
1421
1425
1434
1438
1445
1454
1466
1472
1476
1484
1493
1500
1509
1522
1528
1537
1545
1550
1557
1567
1572
1577
1587
1598
1607
1615
1621
1627
1631
1637
1651
1656
1665
1673
1680
1686
1701
1707
1713
1722
1727
