0
9
13
17
23
32
36
41
47
56
60
69
75
81
86
91
99
105
110
114
120
130
137
142
148
154
159
169
179
185
188
196
200
210
218
224
233
240
246
255
263
272
281
285
289
296
309
319
328
342
356
365
372
375
385
389
394
408
413
418
424
439
444
451
458
470
475
481
487
490
503
513
527
536
542
548
554
560
565
569
582
591
597
603
609
615
618
619
622
627
633
641
647
655
664
676
681
684
690
696
699
707
712
714
721
725
730
739
744
750
757
762
767
773
780
790
795
798
802
808
810
819
827
830
836
843
851
858
862
868
874
882
887
894
901
905
910
917
922
928
931
938
952
959
965
974
979
988
994
1000
1009
1017
1028
1039
1043
1048
1060
1069
1073
1074
1079
1087
1093
1098
1105
1109
1118
1127
1136
1139
1143
1151
1159
1166
1176
1182
1187
1194
1204
1206
