0
9
12
13
16
21
24
27
33
45
57
59
62
64
79
82
87
90
92
97
102
106
118
127
133
138
142
145
153
160
165
168
177
186
193
204
206
211
214
222
228
235
238
245
249
254
260
262
266
272
274
279
282
285
291
294
304
311
316
319
326
330
336
341
348
356
361
363
365
368
373
377
379
382
387
392
395
399
402
407
411
416
420
427
433
439
443
449
456
460
464
468
474
478
483
486
488
492
495
498
501
509
512
516
519
521
533
536
545
551
554
561
565
573
576
583
589
601
605
610
612
618
623
630
636
639
643
649
658
664
671
675
679
687
695
701
706
713
719
720
725
728
733
740
743
748
752
757
764
769
777
786
793
797
804
813
816
824
827
831
835
841
844
848
857
863
869
875
880
885
888
893
899
905
911
915
921
924
930
933
935
943
947
951
955
960
966
972
976
982
984
986
992
997
1001
1004
1005
1009
1012
1017
1021
1026
1027
1029
1037
1043
1050
1055
1065
1069
1079
1087
1090
1093
1098
1103
1109
1110
1114
1117
1125
1131
1136
1143
1150
1156
1157
1164
1166
1172
1177
1181
1185
1186
1192
1198
1202
1206
1211
1212
