0
3
10
11
16
21
26
31
38
41
43
47
57
64
75
81
90
97
101
108
111
116
125
133
134
137
144
150
153
158
163
168
176
179
186
191
196
199
202
206
209
216
220
225
228
231
240
247
250
255
261
265
272
277
285
290
295
299
303
308
312
314
317
321
333
338
341
343
348
354
357
367
371
373
376
385
392
399
408
414
421
426
433
439
447
451
459
466
469
477
480
483
487
495
498
503
512
519
523
527
529
534
538
545
548
560
565
571
575
578
585
590
594
598
612
617
618
621
628
636
644
649
655
659
663
669
672
678
685
695
701
710
716
721
725
732
741
746
753
760
770
775
782
787
794
804
811
821
828
832
834
840
848
853
861
866
873
876
880
884
890
893
896
899
902
907
910
916
920
924
932
937
940
948
950
954
958
962
970
974
977
983
988
995
1000
1004
1009
1019
1025
1037
1044
1047
1055
1059
1067
1071
1074
1084
1089
1092
1097
1104
1107
1112
1118
1125
1128
1132
1142
1145
1149
1157
1163
1174
1178
1181
1183
1192
1196
1204
1209
1213
1219
1225
1232
1239
1251
1258
1265
1269
1279
1287
1295
1298
1299
