0
9
13
18
24
28
34
36
46
48
52
54
60
63
67
73
77
84
90
97
118
123
133
137
138
143
147
151
164
175
185
188
192
194
200
205
207
219
228
240
242
245
253
264
270
283
295
308
310
314
319
324
326
330
334
338
343
345
351
357
361
366
368
373
380
390
395
398
406
408
411
418
424
436
443
446
452
455
459
466
473
485
495
502
510
518
520
528
537
545
553
556
560
565
572
580
590
594
599
606
612
619
621
626
631
639
641
647
649
655
660
662
667
672
675
684
691
697
699
703
705
712
725
729
735
738
741
749
754
759
762
766
770
773
779
781
790
794
797
799
803
810
818
827
838
851
856
862
868
876
881
885
