0
9
11
16
30
40
45
49
54
62
68
79
81
85
95
104
107
114
123
128
132
137
140
144
150
157
167
176
178
181
185
190
193
199
205
209
217
227
230
239
244
247
253
260
270
275
284
291
296
300
306
311
315
326
342
346
352
364
375
380
383
389
395
398
406
412
419
422
426
430
432
439
449
455
463
473
477
482
488
493
497
506
514
521
526
535
539
548
556
560
566
572
576
590
595
599
606
610
615
621
640
655
662
671
676
681
698
706
712
730
739
746
751
758
763
770
779
783
792
802
810
820
829
836
852
857
863
871
881
885
890
897
902
906
917
924
932
940
945
948
953
955
961
966
970
979
984
993
1000
1006
1014
1025
1032
1038
1043
1048
1056
1060
1069
1076
1081
1090
1097
1106
1112
1118
1127
1132
1137
1143
1148
1152
1154
1160
1164
1173
1176
1179
1189
1202
1209
1218
1222
1225
1229
1235
1239
1245
1255
1265
1271
1274
1280
1287
1294
1305
1307
1321
1328
1337
1343
1349
1352
1357
1364
1370
1374
1378
1382
1387
1395
1400
1403
1407
1414
1418
1421
1426
1433
1438
