9
12
20
26
33
41
49
53
57
62
70
74
80
82
90
94
99
105
110
114
117
122
129
131
133
142
145
151
157
160
165
170
175
182
191
200
205
207
210
216
219
225
230
237
240
247
250
255
261
265
268
274
286
291
297
303
307
310
317
323
328
333
337
342
347
356
360
363
369
375
380
386
392
398
402
411
415
417
423
428
433
439
447
460
462
468
471
481
484
491
496
502
509
513
525
532
540
545
554
561
564
568
572
577
579
583
588
600
605
619
623
632
634
641
647
651
659
663
670
673
683
691
698
702
705
711
715
721
727
731
737
739
742
746
753
756
759
763
767
776
780
785
791
798
804
811
816
819
825
833
838
845
850
856
861
865
874
881
887
905
912
914
921
925
932
939
948
953
958
966
968
974
982
1000
1002
1005
1010
1012
1017
1023
1029
1037
1044
1048
1056
1060
1067
1075
1083
1095
1099
1102
1111
1115
1118
1121
1128
1135
1142
1147
1151
1157
1162
1168
1172
1177
1183
1185
1193
1200
1207
1213
1219
1222
1226
1230
1236
1238
1245
1259
1262
1269
1276
1283
1287
1293
1302
1309
1315
1323
1326
