0
9
12
15
19
24
30
34
43
47
53
59
68
73
85
90
97
108
117
125
130
135
143
149
152
156
159
163
169
176
181
187
191
195
203
211
213
219
224
230
236
247
252
258
264
268
272
278
284
290
294
298
309
314
317
325
330
333
337
345
352
356
364
369
375
378
381
386
392
396
402
409
416
420
425
429
438
445
452
456
463
473
479
489
497
507
516
520
531
537
543
550
556
562
564
569
576
581
591
596
603
613
616
620
623
630
640
647
651
657
664
672
676
680
688
695
699
705
710
715
722
725
729
733
741
744
748
751
755
765
775
784
788
797
804
814
822
828
833
839
847
856
859
861
869
881
888
890
