0
13
18
21
27
29
35
42
51
57
63
73
81
89
93
99
103
107
115
120
125
133
138
146
149
158
162
177
190
195
201
205
211
219
226
238
243
249
253
258
265
272
275
282
287
293
298
303
310
313
318
326
333
338
343
347
351
356
359
365
375
380
387
390
395
398
403
406
411
416
422
428
437
446
448
455
462
467
471
476
482
488
498
504
508
513
520
526
532
540
545
552
555
560
564
569
575
580
586
596
601
605
612
619
623
628
633
635
642
645
648
655
663
671
678
686
690
698
704
716
723
729
737
741
748
755
762
770
776
779
788
796
800
807
815
820
823
828
835
838
848
851
857
860
867
877
885
892
897
902
907
910
916
920
927
932
