0
3
9
13
22
24
31
38
43
45
56
61
64
68
72
78
86
94
102
105
113
121
126
134
145
152
157
171
182
191
196
198
207
209
216
221
229
233
235
244
252
259
267
274
285
291
309
311
318
324
334
341
345
352
359
362
369
373
384
396
401
413
420
425
432
435
441
446
452
459
466
469
478
484
493
497
501
509
517
525
530
545
549
555
565
570
573
580
583
587
593
595
599
609
617
621
625
634
641
647
656
661
668
674
680
689
693
697
701
706
709
714
720
723
727
729
733
741
749
755
762
769
773
783
788
796
804
812
818
825
829
833
840
844
853
864
878
885
889
893
903
911
919
924
931
936
943
950
956
961
970
977
983
991
1001
1006
1011
1017
1024
1032
1040
1051
1055
1063
1072
1076
1085
1091
1102
1107
1115
1135
1146
1153
1158
1167
1176
1181
1190
1193
1200
1206
1212
1219
1228
1238
1248
1251
1260
1264
1268
1275
1284
1291
1299
1302
1306
1312
1319
1327
1335
1346
1354
1357
1360
1365
1371
1377
1383
1384
1394
1401
1412
1423
1439
1444
1450
1460
1465
1474
1482
1491
1496
1502
1508
1512
1521
1529
1535
1543
1549
1553
1557
1564
1573
1581
1586
1591
1593
1601
1607
1612
1620
1629
1636
1640
1648
1659
1665
1668
1675
1685
1688
1690
1698
1712
1723
1732
1736
1746
1758
1765
1774
1788
1795
1804
1817
1818
1823
1829
1833
