0
2
9
13
16
23
31
42
48
54
59
66
74
80
85
91
95
100
105
108
115
121
126
133
138
141
148
154
158
166
171
175
178
181
186
191
195
199
201
204
211
225
228
240
244
251
260
264
269
273
285
300
306
312
316
318
324
334
341
343
347
353
361
369
371
375
382
386
393
396
401
405
408
417
419
428
435
443
450
455
461
467
475
481
484
489
493
499
509
517
526
531
539
542
546
548
550
553
560
569
576
580
584
591
602
610
618
625
628
631
634
638
645
650
653
655
662
669
674
679
683
686
690
701
707
716
726
734
744
750
757
765
780
794
800
804
813
819
828
835
839
843
850
857
861
864
867
879
882
886
896
900
904
909
914
918
922
925
930
933
936
941
943
950
952
957
968
971
974
979
986
993
999
1003
1014
1020
1027
1034
1037
1044
1053
1068
1077
1086
1091
1098
1101
1106
1110
1114
1118
1125
1128
1131
1135
1139
1144
1152
1162
1173
1177
1179
1186
1190
1194
1195
1200
1206
1219
1223
1225
1234
1242
1248
1252
1257
1267
1274
1278
1288
1292
1300
1310
1316
1323
1327
1329
1332
1338
1342
1350
1356
1360
1365
1368
1373
1380
1385
1391
1401
1403
1409
1414
1419
1425
1430
1435
1446
1451
1464
1471
1481
1488
1494
1500
1508
1515
1522
1532
1536
1547
1551
1555
1558
