0
9
13
18
21
33
44
59
80
90
102
114
130
137
151
154
165
172
181
184
192
204
210
215
220
231
236
239
241
246
255
264
266
273
281
287
295
317
326
333
339
348
358
362
377
389
399
406
409
411
419
426
438
443
451
457
462
471
477
482
490
495
504
509
515
523
535
557
568
574
582
588
601
610
618
623
633
642
649
653
662
665
671
676
681
692
699
705
720
731
737
754
759
777
783
790
795
804
813
821
844
855
862
867
874
883
896
901
906
912
916
921
929
938
942
949
953
958
966
969
980
986
992
997
1004
1011
1019
1024
1030
1039
1053
1061
1069
1076
1080
1087
1094
1106
1117
1123
1132
1135
1144
1153
1158
1167
1173
1183
1190
1201
1207
1209
1218
1226
1234
1238
1244
1251
1262
1268
1277
1286
1309
1316
