0
2
9
14
18
26
31
42
56
62
73
81
91
104
112
122
135
142
153
164
172
182
193
199
208
219
223
234
248
255
268
275
286
297
309
315
322
333
346
359
370
373
376
391
404
414
421
433
440
448
456
467
477
486
503
518
525
535
544
552
564
581
590
600
611
622
632
666
675
693
701
710
719
731
739
745
761
766
777
788
798
804
812
814
822
827
834
842
848
852
858
866
874
878
886
892
898
903
918
927
935
939
947
955
958
968
972
979
984
991
994
1003
1011
1017
1024
1032
1037
1050
1058
1064
1068
1078
1087
1091
1097
1108
1119
1127
1133
1139
1145
1149
1154
1163
1170
1179
1183
1191
1197
1202
1212
1218
1224
1245
1252
1258
1269
1272
1277
1282
1287
1298
1304
1312
1317
1322
1330
1332
1340
1346
1355
1362
1371
1377
1382
1394
1406
1413
1421
1431
1437
1439
