0
3
9
13
17
26
31
36
45
51
64
69
78
98
104
108
110
116
118
125
130
136
146
150
154
159
166
176
184
191
200
205
211
220
231
238
247
252
260
266
270
281
287
298
304
310
314
319
327
335
343
344
352
364
373
386
393
400
413
416
426
433
440
453
459
468
478
484
495
506
509
516
521
524
532
539
544
550
557
561
568
574
580
589
595
600
608
614
622
629
638
648
654
662
666
670
675
685
690
697
704
711
720
733
742
746
749
759
766
772
783
794
807
810
817
822
832
836
845
850
861
868
876
882
888
897
905
915
919
930
941
953
960
969
976
987
997
1004
1010
1018
1025
1035
1048
1058
1063
1073
1076
1082
1091
1103
1114
1121
1132
1141
1152
1155
1163
1168
1176
1179
1190
1198
1207
1218
1223
1226
1235
1239
1244
1251
1259
1264
1271
1281
1288
1300
1308
1312
1317
1326
1336
1343
1350
1358
1371
1380
1384
1391
1397
1402
1409
1415
1428
1433
1440
1448
1464
1470
1477
1491
1507
1520
1531
1538
1542
1554
1559
1572
1580
1590
1596
1604
1607
1614
1620
1629
1638
1641
