0
12
13
20
29
41
46
49
55
60
69
74
81
89
92
95
104
107
114
118
130
134
137
145
151
161
170
176
182
188
192
198
204
210
212
215
220
223
228
236
240
248
253
255
266
271
276
281
283
287
292
296
298
302
305
309
312
318
323
330
334
339
345
354
359
362
369
374
380
386
398
410
416
419
424
431
439
443
449
460
464
468
473
476
481
486
493
497
503
512
518
522
528
535
538
541
546
552
556
560
564
568
570
575
577
583
587
594
598
607
614
622
627
629
631
636
641
648
655
663
675
679
684
691
696
700
707
711
714
721
727
734
740
745
750
757
764
770
776
779
787
794
799
804
814
821
824
827
831
838
843
848
852
866
874
877
883
889
892
896
904
912
916
922
929
933
938
943
951
954
958
961
970
974
976
983
987
998
1006
1015
1017
1021
1024
1027
1045
1052
1058
1060
1069
1076
1082
1087
1092
1103
1115
1119
1121
1124
1129
1135
1138
1143
1144
1152
1161
1170
1175
1180
1183
1194
1205
1210
1212
1215
1222
1231
1235
1242
1245
1254
1258
1265
1272
1278
1287
1294
1300
1307
1311
1315
1319
1324
1330
1334
1338
1341
1346
1359
1367
1376
1381
1389
1390
1396
1402
