1
14
21
28
33
42
46
51
60
67
72
81
90
94
111
120
134
139
144
150
154
159
164
171
178
184
190
197
210
216
221
227
230
239
245
257
261
274
286
294
297
306
312
320
333
339
343
349
352
359
364
371
378
384
392
394
401
415
428
437
444
446
451
462
468
476
482
492
502
507
514
519
526
541
548
556
565
570
579
582
589
595
600
607
614
618
621
630
636
638
645
650
656
661
665
671
674
677
683
692
695
703
715
722
725
736
739
746
753
757
762
771
782
790
795
799
802
807
816
821
826
833
845
855
859
862
869
873
881
886
888
894
903
911
921
930
938
944
947
965
975
987
995
1003
1009
1022
1028
1038
1047
1057
1067
1073
1082
1087
1094
1098
1106
1112
1116
1123
1135
1141
1150
1159
1166
1173
1181
1188
1200
1210
1219
1229
1231
1240
1246
1252
1256
1264
1271
1275
1279
1287
1294
1300
1305
1312
1319
1324
1333
1337
1345
1351
1356
1361
1367
1372
1376
1380
1389
1396
1401
1405
1413
1417
1423
1437
1444
1448
1454
1470
1476
1485
1491
1496
1501
1508
1516
1536
1546
1563
1568
1574
