0
3
9
14
20
25
31
40
46
49
57
63
67
73
77
79
81
88
97
104
107
115
119
126
133
139
146
150
154
156
162
168
174
178
186
195
202
205
210
216
222
225
229
234
239
245
248
253
259
266
273
278
282
289
300
305
314
318
321
323
327
335
338
345
352
358
363
368
374
379
384
390
396
402
411
419
427
440
445
452
454
459
466
469
473
478
484
489
495
497
506
513
518
526
531
536
541
544
549
558
564
570
575
583
587
591
595
596
602
607
612
625
628
632
637
641
646
653
657
661
670
673
678
683
691
695
702
706
710
714
721
724
730
736
742
748
753
761
765
769
771
780
785
788
793
796
