0
9
13
16
22
31
39
51
59
64
72
81
91
98
104
110
118
123
134
140
142
148
150
153
163
167
178
189
194
200
207
214
222
226
233
242
249
254
265
268
271
275
278
289
295
300
309
316
324
335
341
346
351
356
360
370
374
378
383
391
394
401
410
416
423
431
443
452
461
468
471
474
480
486
491
495
503
511
519
527
532
540
548
550
558
566
573
578
584
589
599
604
614
616
626
633
640
645
652
656
659
662
670
676
682
685
694
699
709
712
716
727
732
739
745
757
762
772
785
796
802
809
814
817
824
831
841
848
853
858
863
867
873
882
888
894
902
906
926
935
939
943
950
965
971
982
988
992
1001
1009
1012
1021
1030
1038
1043
1052
1059
1072
1081
1082
1087
1088
1098
1107
1111
1115
1121
1125
1130
1135
1139
1147
1154
1167
1178
1183
1191
1197
1200
1208
1210
1213
1218
1223
1230
1235
1237
1247
1248
1256
1261
1269
1280
1291
1301
1307
1312
1319
1328
1333
1337
1343
1347
1350
1357
1364
1370
1383
1392
1398
1400
1407
1411
1417
1421
1428
1439
1447
1453
1460
1471
1474
1480
1483
1485
1493
1498
1503
1507
1517
1527
1536
1546
1552
1563
1566
1577
1583
1588
1596
1603
1608
