0
3
9
11
15
22
28
34
41
46
53
62
68
72
79
84
91
98
104
112
123
133
142
150
163
171
177
185
192
200
204
215
224
229
238
243
248
254
261
265
272
279
285
291
296
304
310
314
320
331
335
343
350
355
360
365
368
374
380
387
395
402
408
415
420
428
434
439
448
453
460
467
474
481
485
490
497
501
511
516
524
528
532
535
537
541
546
554
559
566
572
579
585
594
598
603
610
616
627
632
637
641
646
649
655
661
671
676
681
685
691
697
704
710
718
722
727
734
739
743
752
757
762
773
780
786
795
805
810
818
826
831
836
841
851
859
866
875
877
883
892
900
904
907
913
922
927
930
935
945
951
956
963
972
978
985
994
1002
1008
1016
1021
1029
1035
1041
1049
1055
1061
1068
1075
1079
1083
1092
1097
1105
1111
1116
1124
1128
1133
1138
1147
1153
1154
1160
1164
1169
1174
1180
1185
1192
1200
1203
1209
1216
1222
1230
1236
1244
1248
1255
1261
1272
1281
1287
1295
1301
1306
1315
1322
1329
1338
1344
1347
1360
1366
1370
1379
1385
1392
1395
