1
9
12
15
23
30
35
43
61
62
66
70
80
94
106
112
115
126
132
134
143
149
152
155
163
168
176
181
184
188
197
202
209
216
220
226
232
240
249
252
254
257
267
276
279
285
295
301
306
309
313
319
324
329
344
346
349
355
360
369
374
379
388
397
403
407
413
423
432
436
441
444
452
457
467
472
474
483
486
492
500
504
505
514
521
525
533
545
555
566
571
576
590
605
614
620
627
633
641
651
659
662
676
679
684
702
706
717
724
727
733
741
743
749
755
767
771
779
786
793
798
802
810
813
821
841
850
857
860
868
875
886
903
909
913
916
