0
14
18
30
40
56
70
79
88
94
99
107
116
132
137
147
151
156
160
168
174
183
188
195
206
212
222
224
229
238
243
254
262
267
274
282
289
298
307
312
318
323
330
334
339
345
355
363
370
377
383
388
396
400
405
408
413
420
427
435
445
455
461
467
478
482
494
502
507
518
527
534
537
543
557
568
581
592
601
613
625
634
640
649
654
663
665
676
684
688
698
704
714
719
723
731
737
745
753
756
762
766
775
779
785
791
800
809
816
825
837
849
865
874
884
891
893
904
912
921
927
933
943
950
963
969
974
979
984
988
993
1000
1008
1018
1022
1026
1035
1042
1049
1060
1063
1077
1081
1089
1099
1116
1123
1130
1132
1138
1150
1159
1166
1173
1178
1182
1193
1203
1211
1223
1230
1240
1250
1256
1262
1269
1277
1281
1291
1298
1305
1313
1321
1329
1339
1346
1358
1371
1382
1389
1394
1401
1404
1413
1419
1424
1430
1435
