0
3
9
12
14
18
21
25
28
36
50
53
64
70
82
90
95
101
104
110
122
127
132
139
144
163
165
168
176
181
190
198
204
208
210
218
223
228
235
243
246
250
252
256
262
266
271
278
281
287
289
294
299
307
312
316
318
321
328
334
337
343
347
352
357
360
370
373
379
383
386
390
393
401
406
411
415
420
426
431
437
441
448
456
461
466
473
481
483
485
487
494
502
515
520
525
534
541
546
550
555
559
564
568
572
580
584
588
591
593
608
612
616
619
623
627
636
644
649
656
667
674
680
684
688
693
701
709
718
724
732
735
740
747
751
754
757
762
766
773
779
784
789
792
796
803
806
815
819
823
830
836
843
848
854
861
870
878
880
885
889
894
896
900
904
909
915
927
933
940
944
948
955
965
970
972
977
985
992
1000
1004
1008
1011
1016
1019
1027
1030
1035
1047
1058
1068
1077
1085
1087
