0
9
10
13
19
26
35
39
47
52
56
62
71
78
88
96
101
106
112
118
125
129
134
140
149
155
158
162
168
175
180
187
195
199
202
211
223
227
236
243
250
256
261
265
269
278
286
294
299
304
311
316
322
327
332
348
352
355
360
365
370
374
378
383
389
396
402
408
413
420
425
430
432
438
445
450
454
458
465
469
471
473
478
482
489
494
499
514
524
533
544
550
558
567
572
579
583
590
597
602
606
615
628
636
648
652
657
660
664
667
674
680
681
695
700
707
713
718
723
727
731
738
743
750
754
764
777
782
788
798
807
811
819
