0
9
11
15
27
35
40
51
56
58
68
76
86
93
95
103
107
110
123
125
129
133
138
144
148
151
161
162
170
176
177
185
191
192
198
199
205
209
211
216
225
232
238
242
245
270
279
284
287
295
303
314
321
326
344
355
365
372
386
397
404
409
416
420
427
435
445
449
458
461
465
469
481
483
490
499
511
520
524
526
533
538
543
547
559
568
580
590
600
609
627
644
661
666
675
677
685
692
697
707
716
719
725
732
742
746
768
777
784
789
806
810
825
833
845
850
853
856
868
877
889
894
902
906
915
924
932
936
943
962
966
975
982
989
992
994
1003
1010
1019
1026
1040
1045
1051
1057
1069
1081
1085
1090
1098
1109
1118
1125
1132
1135
1141
1147
1152
1162
1165
1170
1176
1190
1194
1199
1206
1217
1224
1229
1251
1264
1272
1277
1283
1289
1295
1300
1303
1310
1324
1333
1342
1355
1359
1365
1374
1381
1385
1396
1405
1412
1416
1420
1424
1428
1437
1451
1456
1463
1474
1484
1492
1508
1516
1524
1533
1540
1544
1552
1561
1571
1578
1584
1588
1595
1599
1606
1611
1620
1628
1633
1637
1643
1652
1661
1665
1673
1680
1683
1692
1704
1710
1721
1724
1729
1741
1744
1747
1751
1765
1771
1779
1787
1790
1796
1809
1813
1823
1828
1836
1843
1846
1849
1853
1861
1864
1871
1886
1888
1890
1898
1901
1905
1908
1913
1918
