0
9
14
17
25
34
38
44
50
52
55
61
70
74
78
80
86
90
95
102
108
114
118
122
124
128
132
141
144
149
153
162
168
175
187
190
195
198
201
206
209
215
221
225
230
240
243
252
263
265
268
276
282
285
288
293
300
306
312
318
320
322
327
330
337
343
347
349
352
357
363
367
374
378
382
387
390
392
397
401
405
408
414
418
422
429
440
444
449
452
460
465
469
475
480
484
491
494
496
499
507
511
515
520
527
532
536
546
551
558
564
566
569
576
582
585
590
596
601
608
612
616
622
627
634
638
644
646
649
656
659
663
672
681
682
688
693
696
701
710
717
722
725
730
735
741
745
750
754
763
769
772
778
785
788
793
801
803
805
809
813
818
825
830
832
835
844
849
856
858
865
872
881
888
893
896
900
907
910
913
919
927
937
948
953
959
962
969
976
983
986
991
1000
1006
1011
1013
1016
1020
1030
1033
1040
1044
1048
1058
1064
1070
1073
1085
1091
1093
