0
13
17
24
32
41
49
55
66
72
86
98
106
113
122
133
147
151
162
175
181
188
207
212
221
227
241
245
269
279
290
294
302
315
325
333
339
350
356
366
372
382
390
401
412
415
422
430
432
452
462
469
487
495
502
505
516
524
533
543
550
560
571
578
591
597
606
615
621
626
634
644
651
655
660
668
679
684
694
697
704
711
722
726
739
745
753
766
782
784
794
808
813
820
831
838
842
849
853
865
873
881
889
893
899
911
914
921
932
946
951
958
970
981
990
1000
1010
1025
1033
1039
1042
1050
1062
1071
1077
1081
1092
1099
1108
1116
1122
1131
1138
1144
1156
1166
1192
1197
1204
1208
1216
1222
1231
1238
1242
1247
1252
