0
3
9
21
28
32
35
45
51
72
78
87
91
97
105
113
120
136
143
152
158
165
170
180
185
188
191
196
203
213
222
225
236
243
257
264
270
275
286
295
304
312
317
322
327
330
337
345
354
362
367
379
388
393
398
405
412
416
438
444
453
459
463
471
478
481
483
491
497
503
511
516
520
528
535
540
546
551
558
567
573
578
585
592
599
604
611
615
620
626
635
648
659
663
681
685
691
696
701
706
713
717
723
732
739
747
753
757
767
775
782
790
794
805
813
815
824
836
841
849
853
855
859
864
871
883
890
897
905
918
927
930
940
946
951
962
969
976
986
991
997
1001
1007
1017
1025
1033
