0
9
14
25
36
39
61
81
93
95
98
104
121
127
136
148
157
165
175
178
190
199
208
223
231
241
245
248
256
261
268
273
281
288
293
304
312
317
327
339
352
359
368
373
384
392
397
402
408
416
423
435
441
446
455
463
471
474
482
489
498
503
510
519
528
537
544
551
554
560
564
571
581
590
595
600
607
612
619
625
638
647
656
665
671
676
678
686
692
704
711
718
728
742
747
757
764
769
772
778
789
797
820
824
838
848
859
869
872
878
881
888
901
906
910
919
926
930
941
944
948
949
953
957
966
977
989
994
1003
1015
1021
1026
1039
1043
1049
1059
1061
1072
1080
1082
1092
1099
1106
1116
1125
1130
1136
1145
1148
1152
1164
1176
1185
1188
1197
1210
1220
1228
1238
1249
1263
1276
1278
