0
9
13
25
30
35
41
45
50
54
60
65
66
68
81
83
87
90
98
102
109
113
119
125
129
133
140
149
156
160
165
174
181
187
190
194
202
210
218
226
229
230
234
241
245
247
251
261
266
272
274
277
278
284
288
292
295
304
308
313
317
321
327
333
338
342
347
353
359
363
367
371
377
380
385
389
392
393
398
408
414
417
421
428
433
438
448
451
452
462
469
473
477
483
490
493
497
504
512
518
526
533
537
540
551
557
563
566
569
572
576
581
587
595
599
602
607
611
615
617
624
628
632
639
643
648
651
656
662
672
673
676
679
684
690
695
700
705
708
719
725
729
732
740
741
746
748
750
755
761
762
765
768
771
776
779
784
792
794
797
805
812
814
818
822
823
830
835
842
852
856
