0
9
14
19
39
49
60
70
83
96
102
111
119
135
143
155
164
173
181
189
194
202
209
218
231
243
253
264
275
283
292
308
315
324
335
348
361
365
374
387
401
410
422
429
439
448
455
472
484
491
498
505
509
519
523
527
536
544
550
564
577
583
589
595
601
609
615
632
642
653
667
673
680
688
702
711
720
735
745
753
759
773
782
788
794
803
808
814
826
836
842
862
870
881
889
895
905
920
925
936
952
969
976
986
990
1004
1013
1017
1030
1036
1044
1051
1061
1068
1087
1095
1111
1118
1126
1130
1144
1150
1156
1166
1177
1188
1200
1209
1216
1226
1243
1248
1257
1261
1272
1284
1291
1299
1306
1313
1320
1326
1339
1342
1348
