0
9
15
20
27
32
37
45
60
64
66
76
82
99
102
111
120
127
137
140
145
150
153
155
162
168
172
175
178
182
186
189
198
207
208
229
237
242
252
256
264
272
281
288
301
308
315
328
338
344
352
357
361
369
387
389
396
404
414
417
420
427
435
444
453
458
466
471
474
491
498
509
518
531
534
545
552
556
563
576
581
586
594
604
624
632
648
660
666
669
671
675
680
692
701
705
708
712
722
729
738
744
749
760
763
772
778
785
789
796
804
813
816
822
833
836
847
855
862
866
868
873
881
890
894
896
900
903
906
917
921
924
932
936
946
948
950
957
961
969
971
976
979
987
997
1007
1011
1033
1037
1048
1056
1057
