0
3
9
11
13
15
21
28
35
43
54
62
68
71
83
88
98
102
114
120
125
135
138
145
150
162
169
172
174
180
186
189
194
199
210
216
222
234
240
245
250
257
264
272
280
285
288
297
304
317
322
328
336
346
350
355
358
361
368
374
383
388
392
398
404
406
413
418
426
430
434
439
440
445
450
454
460
468
470
474
479
485
493
500
503
509
513
518
528
533
543
548
552
559
566
573
582
589
593
596
604
609
616
622
631
639
646
649
660
667
676
680
688
692
699
706
708
718
727
732
739
745
751
757
768
775
781
785
788
792
800
807
813
818
821
826
828
835
838
843
849
850
860
866
869
878
882
889
896
903
910
916
923
930
936
938
944
949
954
959
964
971
979
982
986
993
1000
1004
1012
1022
1031
1039
1052
1060
1067
1071
1078
1082
1088
1100
1106
1111
1116
1126
1138
1143
1151
1156
1164
1166
1169
1176
1182
1188
1198
1199
1205
1211
1215
1222
1228
1233
1239
1245
1249
1255
1258
1264
1269
1276
1290
1295
1303
1309
1312
1321
1325
1335
1342
1350
1359
1367
1372
1380
1391
1396
1401
1406
1411
1415
1421
1425
1428
1434
1443
1455
1458
1469
1475
1482
1488
1492
1501
1505
1510
1514
1521
1531
1537
1546
1547
1553
1562
1566
1573
1578
1581
1586
1590
1593
1602
1612
1617
1621
1630
1637
1642
1648
1652
1658
1668
1678
1689
1696
1702
1712
1718
1726
1733
1736
1740
1745
1751
1758
1766
1770
1781
1790
1801
1814
1824
1831
1834
1841
1853
1858
1863
1870
1877
1883
1890
1897
1902
1909
1915
1924
1930
1936
1939
1943
1954
1962
1967
1972
1978
1984
1988
1996
2000
2009
2021
2032
2037
2043
2046
2053
2067
2074
2084
2087
2091
2095
2098
2103
2108
2113
2130
2137
2143
2148
2156
2162
2168
2178
2183
2187
2194
2197
2202
2208
2215
2220
2227
2231
2235
2248
2255
2263
2268
2275
2282
2283
2286
