0
3
9
13
19
27
32
36
41
45
48
50
58
63
66
68
72
79
91
95
101
105
106
108
111
115
120
123
127
131
135
139
143
151
158
163
167
172
178
183
188
193
200
203
210
216
220
225
229
236
243
250
254
260
265
267
272
278
283
289
292
297
303
304
310
324
327
331
334
339
343
348
353
359
365
372
375
379
385
390
395
397
403
408
411
416
419
423
428
435
439
442
447
454
458
463
471
478
486
492
497
502
511
519
521
526
531
532
538
542
547
552
554
561
569
577
581
586
590
597
602
611
616
619
624
627
631
635
638
645
650
656
664
668
672
677
681
686
693
700
704
709
714
721
725
729
733
738
742
748
753
760
765
771
776
781
785
788
792
797
801
803
810
817
821
828
837
841
849
855
859
865
870
879
883
890
893
898
907
910
914
925
930
936
941
945
951
955
959
962
969
974
982
985
991
1000
1004
1008
1013
1017
1022
1027
1033
1039
1048
1055
1068
1075
1083
1094
1098
1103
1108
1112
1117
1122
1124
1128
1134
1145
1146
1153
1156
1161
1166
1173
1178
1179
1184
1189
1195
1199
1205
1213
1221
1223
1230
1235
1240
1245
1251
1258
1267
1272
1279
1284
1290
1294
1301
1303
1312
1315
1321
1328
1331
1337
1343
1347
1354
1359
1365
1371
1377
1388
1392
1397
1403
1408
1413
1426
1429
1435
