0
3
9
12
16
21
23
28
38
43
47
54
61
72
80
86
93
103
107
116
120
125
133
138
140
141
144
147
158
164
168
178
189
192
197
202
209
212
221
227
229
232
238
244
253
260
269
276
287
298
302
307
312
314
320
327
334
339
345
352
362
367
376
379
384
393
402
410
415
421
426
430
433
438
446
454
458
467
473
478
484
492
499
505
509
513
517
521
527
531
536
540
546
553
558
565
575
579
583
588
595
601
604
610
618
624
629
634
637
644
650
655
661
665
671
674
678
683
684
687
694
710
715
727
733
738
741
744
747
753
762
771
778
781
787
790
791
