0
3
9
19
27
32
37
43
52
57
67
75
86
95
105
115
122
131
139
147
156
163
171
179
187
195
204
208
216
221
227
239
243
248
258
269
272
277
288
296
301
304
307
321
327
333
339
343
348
355
364
372
376
379
384
388
397
407
412
417
424
433
442
453
455
464
470
473
481
486
492
498
503
514
518
525
533
540
544
554
563
570
577
583
596
604
612
615
620
628
637
642
646
651
655
659
669
676
682
693
704
708
714
723
733
742
748
761
773
784
790
793
799
809
822
829
836
849
863
874
881
892
905
910
929
939
950
961
968
975
979
991
1000
1010
1023
1028
1037
1044
1057
1066
1076
1080
1091
1098
1105
1113
1122
1126
1137
1145
1149
1157
1164
1168
1174
1183
1194
1203
1211
1217
1228
1231
1240
1249
1259
1265
1272
1275
1277
