0
3
9
11
14
24
32
40
45
49
54
61
67
73
80
88
95
98
107
110
124
132
147
150
155
171
181
189
196
207
217
225
240
249
257
262
275
280
285
288
294
300
313
325
330
336
348
354
365
378
412
417
427
432
439
446
449
458
469
470
478
487
496
504
516
523
536
540
545
558
565
573
581
596
603
606
615
626
634
644
660
670
685
691
703
716
720
733
736
746
752
763
767
775
782
789
795
806
813
822
839
850
863
873
879
884
889
896
916
944
958
961
974
985
992
997
1008
1017
1026
1030
1038
1053
1062
1073
1081
1085
1090
1092
1100
1113
1122
1140
1146
1154
1156
1167
1174
