0
9
13
16
18
26
37
43
51
58
66
72
78
88
95
105
111
120
128
132
139
146
148
154
161
168
176
184
191
224
228
237
245
256
267
273
275
280
287
300
312
317
324
329
340
348
357
364
369
378
384
389
399
403
407
413
414
427
442
448
453
465
473
478
483
486
492
498
501
503
506
510
516
522
531
539
542
550
557
577
584
587
591
597
603
610
618
623
630
634
640
650
656
659
663
671
680
686
691
698
703
708
715
720
726
730
736
740
743
749
756
759
763
770
774
780
788
795
801
803
809
813
818
824
828
832
837
840
846
850
857
865
871
877
882
885
893
904
909
921
931
938
943
952
958
963
965
973
982
988
996
1003
1010
1016
1020
1023
1027
1033
1038
1042
1050
1060
1070
1076
1085
1092
1103
1108
1121
1125
1130
1136
1141
1149
1155
1165
1176
1183
1186
1198
1208
1212
1216
1224
1230
1239
1250
1256
1261
1264
1272
1276
1282
1293
1297
1308
1314
1322
1327
1333
1338
1344
1353
1362
1378
1389
1394
1401
1410
1412
1419
1427
1433
1439
1450
1454
1467
1472
1478
1492
1498
1507
1524
1538
1540
1544
1560
1562
1567
1573
1581
1584
1593
1605
1614
1621
1623
1626
1633
1640
1654
1668
1675
1684
1688
1690
1697
1704
1714
1723
1729
1738
1745
1756
1762
1769
1775
1781
1791
1798
1802
1811
1819
1826
1830
1832
1835
1837
1840
1844
1850
1859
1863
1867
1872
1877
1882
1891
1895
1902
1907
1910
1914
1918
1921
1926
1933
1937
1943
1950
1954
1958
1963
1975
1979
1983
1988
1994
2000
2005
2012
2015
2022
2028
2033
2041
2045
2048
2052
2058
2063
2069
2075
2081
2086
2095
2100
2105
2110
2116
2123
2131
2137
2139
2142
2151
2159
2165
2169
2173
2177
2183
2186
2191
2198
2201
2202
2210
2221
2225
2231
2236
2242
2251
2258
2271
2278
2282
2284
2287
2295
