0
9
10
15
18
21
29
40
47
53
59
65
67
72
82
92
99
112
122
129
135
140
148
151
162
168
174
183
187
194
199
205
212
216
222
228
231
235
240
249
256
263
269
277
281
291
300
303
313
316
323
329
334
337
341
346
352
359
368
373
381
392
399
413
416
420
425
433
438
444
456
460
466
473
481
490
493
497
504
512
516
526
535
544
549
556
565
570
575
582
592
599
604
612
621
626
635
642
646
653
660
669
678
685
691
704
708
718
726
733
742
748
754
768
778
781
789
795
804
808
817
823
829
833
838
843
856
864
875
879
885
889
893
901
920
924
930
936
947
951
955
962
970
979
984
990
996
1004
1011
1016
1019
1027
1039
1050
1075
1083
1093
1100
1108
1114
1121
1130
1137
1143
1149
1154
1159
1169
1177
1186
1195
1202
1207
1215
1233
1241
1251
1263
1265
1273
1282
1289
1298
1305
1308
1322
1330
1332
1338
1347
1354
1363
1369
1378
1387
1398
1409
1417
1425
1428
1434
1442
1448
1454
1456
1463
1471
1478
1484
1492
1495
1502
1508
1514
1519
1524
1532
1539
1546
1551
1559
1564
1571
1576
1580
1585
1592
1604
1615
1622
1627
1629
1635
1639
1642
1651
1657
1670
1674
1680
1688
1694
1705
1711
1717
1720
1727
1737
1749
1757
1771
1777
1785
1790
1797
1809
1826
1839
1848
1855
1862
1869
1877
1889
1900
1908
1921
1935
1939
1949
1955
1963
1971
1992
1997
1999
2003
2007
2020
2025
2031
2039
2041
2044
2046
