1
11
15
19
26
35
52
55
59
63
69
73
79
81
87
94
99
112
117
124
128
133
135
139
145
150
160
169
177
185
193
198
201
212
221
225
230
238
246
252
256
262
267
270
277
288
293
297
301
309
315
320
323
328
341
346
352
359
361
368
371
381
387
393
401
406
408
415
420
429
435
445
450
458
465
474
477
487
491
497
506
511
514
527
530
534
538
546
551
555
559
565
569
578
597
604
609
618
627
631
639
645
650
657
663
667
672
676
690
694
701
705
714
718
726
733
743
749
751
754
766
784
793
796
803
813
819
822
831
836
845
857
863
873
875
879
885
890
895
900
906
913
919
922
927
935
938
941
949
958
960
964
969
976
981
990
995
1008
1012
1019
1031
1038
1047
1055
