0
9
14
22
27
33
38
45
58
70
82
90
93
97
106
113
117
122
126
133
139
140
159
163
169
178
180
185
196
201
208
213
228
239
242
248
251
257
267
274
285
292
298
303
315
328
334
341
344
348
358
365
367
379
393
402
407
412
419
424
427
433
444
451
458
486
498
509
519
525
529
535
540
556
561
567
572
577
586
593
602
606
612
619
627
634
641
649
660
664
669
676
680
683
687
691
699
706
710
717
721
728
733
738
742
747
753
758
762
768
773
777
782
788
794
800
805
809
815
818
823
829
837
844
850
858
865
869
876
881
884
889
893
902
906
910
914
919
927
931
938
944
948
952
957
964
970
976
980
992
1005
1008
1015
1024
1028
1036
1047
1056
1068
1071
1086
1089
1095
1102
1109
1118
1123
1136
1139
1144
1145
1151
1155
1161
1169
1177
1182
1189
1197
1203
1208
1212
1220
1227
1233
1243
1252
1261
1266
1274
1280
1283
1287
1292
1297
1301
1307
1310
1313
1321
1327
1335
1341
1345
1350
1356
1359
1364
1374
1377
1382
1391
1397
1402
1406
1412
1417
1422
1429
1435
1444
1449
1455
1464
1472
1486
1490
1496
1503
1506
1519
1524
1528
1532
1538
1543
1549
1557
1563
1567
1570
1573
1576
1583
1593
1598
1603
1611
1626
1630
1644
1650
1656
1661
1674
1678
1681
1689
1699
1704
1714
1725
1729
1740
1746
1750
1756
1768
1776
1783
1786
1789
1792
1797
1806
1810
1820
1825
1831
1837
1844
1850
1852
1856
1861
1866
1868
1870
1878
1888
1896
1901
1906
1913
1921
1927
1930
1934
1937
1943
1952
1958
1961
1971
1978
1982
1988
1994
1999
2010
2019
2025
2032
2038
2044
2048
2053
2061
2067
2072
2082
2086
2095
2105
2111
2118
2127
2133
2138
2142
2146
2152
2156
2162
2165
2171
2174
2179
2185
2188
2193
2199
2205
2212
2215
2220
2226
2229
2238
2245
2252
2258
2265
2269
2273
2281
2284
2286
2291
2294
2300
2309
2312
2316
2317
2322
2327
2332
2339
2345
2353
2363
2369
2373
2377
2386
2391
