0
3
9
15
25
47
52
62
73
87
96
104
116
122
129
137
149
161
175
182
191
198
201
211
225
235
250
263
278
282
287
297
311
318
327
334
341
346
356
360
369
379
383
394
401
414
422
436
446
457
472
477
484
494
501
510
527
534
537
543
547
554
559
567
574
584
592
602
616
622
627
632
644
650
667
672
679
699
708
722
733
738
743
754
758
769
779
791
802
816
830
838
847
851
858
866
876
889
893
904
913
919
923
936
941
951
963
973
978
983
993
996
1012
1023
1038
1053
1065
1073
1083
1096
1110
1118
1123
1136
1143
1149
1155
1160
1173
1180
1191
1201
1210
1214
1221
1229
1237
1240
1251
1259
1278
1284
1289
1292
1306
1322
1335
1347
1355
1363
1373
1377
1387
1400
1403
1410
1417
1420
1430
1436
1439
1443
1449
1455
1460
1466
1478
1482
1495
1502
1503
1509
1517
1523
1533
1538
1549
1554
1566
1571
1577
1583
1592
1602
1607
1614
1626
1634
1646
1655
1667
1672
1689
1701
1708
1711
1723
1724
