0
10
13
21
33
42
57
60
67
75
79
89
93
103
111
123
127
139
151
162
166
177
185
188
194
198
206
212
221
228
237
247
252
263
269
280
294
300
306
316
322
330
337
342
349
362
365
373
383
393
404
413
420
428
433
440
441
447
457
464
475
491
502
507
523
529
542
548
555
562
572
575
580
591
599
603
616
623
629
635
643
656
663
672
683
699
708
719
728
732
740
744
755
770
774
781
789
796
802
813
823
827
836
851
859
867
879
888
902
907
918
928
932
935
945
958
967
968
974
981
1001
1013
1019
1029
1038
1048
1058
1064
1076
1078
1082
1091
1099
1106
1121
1130
1145
1153
1158
1168
1182
1192
1203
1208
1221
1232
1244
1257
1266
1273
1280
1284
1294
1300
1312
1320
1326
1332
1339
1347
1353
1363
