0
9
14
20
23
29
38
47
50
60
69
76
82
90
97
104
112
117
125
132
137
143
150
158
163
174
181
188
192
202
212
219
222
225
233
249
254
258
263
270
277
283
289
298
303
309
317
324
331
337
342
345
353
360
371
378
387
396
401
406
415
422
425
432
436
443
448
458
463
469
482
487
492
497
503
510
517
524
530
534
546
550
554
569
575
585
589
594
601
606
610
619
634
637
646
650
659
672
679
683
691
700
711
717
729
736
745
752
762
768
774
782
789
795
804
813
818
824
831
838
845
849
856
862
869
872
876
877
881
888
893
903
908
913
921
932
943
952
956
967
972
977
985
993
1004
1010
1023
1035
1036
1051
1053
