1
12
15
22
29
37
46
52
56
61
64
71
80
87
94
107
114
116
127
134
140
144
148
156
163
172
177
183
191
196
205
216
224
230
234
244
246
250
256
269
274
283
286
292
296
301
306
315
324
329
335
342
346
350
357
365
371
379
384
394
403
405
409
414
418
421
425
429
434
439
443
447
451
458
468
473
481
484
488
495
500
507
511
517
527
539
547
551
566
575
580
598
601
606
609
615
622
632
640
646
653
659
665
674
682
687
695
702
708
712
721
730
738
745
752
757
762
779
786
789
794
803
809
814
819
826
829
835
841
849
857
862
869
872
880
886
893
898
904
912
921
930
931
937
938
943
950
955
960
965
971
978
986
989
995
1002
1011
1016
1019
1024
1030
1037
1044
1052
1053
1058
1063
1070
1076
1084
1090
1101
1108
1117
1122
1129
1136
1142
1148
1156
1162
1165
1170
1174
1181
1186
1192
1199
1201
1208
1213
1219
1223
1235
1240
1251
1259
1268
1276
1283
1293
1297
1307
1316
1320
1321
1325
1332
1339
1349
1359
1364
1370
1374
1380
1386
1391
1394
