0
3
9
15
17
21
30
34
37
43
55
66
69
77
86
93
102
108
111
119
128
132
139
146
154
158
164
170
178
182
189
197
203
207
214
217
219
224
232
238
241
248
254
260
265
269
274
277
282
289
296
302
307
320
329
341
352
364
368
381
383
393
401
405
411
416
428
436
448
458
466
470
477
485
495
502
507
513
517
522
526
529
537
542
544
548
555
565
570
575
582
586
593
598
602
609
617
625
627
634
641
645
651
655
659
668
675
676
680
686
694
696
701
707
712
716
725
728
733
743
753
760
765
768
774
779
781
783
793
798
800
811
815
819
824
829
833
846
855
863
868
878
884
894
899
910
917
924
932
935
944
950
955
960
963
973
982
995
997
1002
1005
1016
1020
1021
1026
