0
3
9
14
19
29
40
51
58
67
75
82
89
97
105
110
122
135
140
146
156
160
173
182
186
196
202
206
217
221
226
229
235
245
252
259
269
277
279
286
302
311
320
329
337
347
352
358
364
369
377
384
392
399
405
410
413
427
431
433
446
455
467
473
478
486
493
498
501
506
514
518
522
527
532
537
545
549
564
568
575
579
588
591
596
601
608
614
618
623
628
632
645
655
662
668
674
681
687
693
699
712
716
722
728
734
742
748
753
756
762
768
781
788
791
796
803
808
818
822
832
837
849
857
864
869
877
882
888
895
901
910
921
930
935
940
946
955
961
966
976
984
988
993
1004
1011
1017
1021
1026
1030
1036
1043
1049
1052
1065
1068
1083
1089
1098
1109
1114
1121
1125
1131
1140
1143
1147
1158
1163
1168
1174
1177
1181
1194
1206
1212
1222
1225
1227
