0
3
9
13
22
32
41
47
57
64
68
74
86
90
95
100
110
116
129
146
155
168
187
193
196
200
210
218
223
238
243
248
254
259
264
272
274
276
280
290
298
305
308
316
322
325
327
331
333
337
342
347
350
353
358
365
370
375
383
391
395
398
403
406
413
421
423
429
434
436
445
456
460
466
473
477
478
482
491
496
512
517
520
524
529
535
538
545
549
557
564
574
580
586
594
598
604
615
618
636
643
649
654
661
666
684
686
694
705
708
714
719
724
744
747
761
768
776
782
789
792
799
808
815
820
824
829
836
841
849
854
858
867
871
876
881
897
899
917
918
926
930
937
942
956
964
968
976
992
998
