0
9
14
22
31
37
46
57
64
67
73
79
89
99
102
107
112
117
120
126
132
141
145
150
164
168
176
181
183
191
201
204
209
211
214
221
225
231
235
238
247
249
251
257
262
263
266
267
273
278
284
292
298
303
308
313
324
332
337
341
345
352
362
371
373
378
393
398
407
410
422
427
432
439
448
450
457
464
471
482
485
500
507
513
529
530
540
542
545
551
554
556
559
568
570
577
581
589
591
593
597
599
602
612
616
630
640
641
643
648
651
654
658
663
666
671
678
686
691
697
704
711
714
721
728
733
736
743
750
760
769
774
781
789
795
800
805
817
826
829
835
838
842
848
856
861
874
882
890
895
901
906
912
914
920
930
939
944
951
956
962
966
985
990
1000
1014
1018
1028
1037
1041
1047
1053
1061
1068
1076
1083
1085
1093
1098
1102
1109
1115
1121
1126
1134
1140
1145
1150
1160
1167
1172
