0
3
9
13
18
23
34
40
47
50
56
59
73
80
83
93
99
101
107
113
118
123
127
132
139
150
157
165
172
178
182
192
202
212
219
225
227
232
239
244
260
266
271
276
280
290
295
300
309
312
320
328
339
345
353
359
366
372
379
389
395
405
410
419
428
435
440
452
458
466
470
476
482
490
497
504
512
515
519
522
524
528
533
541
554
565
573
582
586
591
602
605
619
622
628
633
638
647
650
661
674
687
694
696
709
714
722
727
734
737
747
752
763
770
774
783
796
803
813
827
834
842
847
854
864
869
874
879
887
895
900
908
916
921
924
926
930
935
943
951
954
959
962
967
979
982
993
999
1007
1017
1022
1032
1044
1056
1063
1076
1079
1084
1096
1098
1107
1111
1116
1122
1133
1139
1146
1154
1161
1171
1182
1189
1195
1203
1211
1225
1231
1233
1239
1248
1259
1269
1272
1278
1284
1291
1304
1314
1321
1331
1336
1340
1348
1356
1363
1366
1376
1383
1389
1398
1402
