0
9
13
17
24
41
49
54
60
62
69
73
80
85
96
105
111
119
128
134
137
147
156
165
174
191
200
206
212
223
230
240
245
250
256
269
274
280
288
293
296
303
316
331
341
368
376
379
383
389
396
403
412
416
431
436
439
445
451
466
473
480
485
486
496
508
526
535
545
551
566
571
577
582
590
598
604
619
634
642
651
655
659
667
672
678
683
688
694
698
703
708
714
722
727
736
741
746
755
765
778
784
789
795
804
813
817
823
832
844
855
865
873
877
884
891
894
897
899
914
921
934
937
942
952
956
962
970
974
978
981
986
994
1000
1009
1016
1022
1026
1035
1039
1044
1050
1052
1055
1065
1075
1086
1091
1112
1116
1122
1124
1128
1138
1143
1147
1154
1162
1169
1172
1180
