0
9
11
13
16
27
33
42
47
54
57
65
69
78
84
92
98
105
110
115
121
129
139
142
150
158
163
171
181
184
193
201
207
217
219
227
236
244
253
260
270
277
281
288
296
304
307
312
322
331
337
340
346
350
354
358
364
370
372
376
380
386
393
405
411
420
427
430
439
446
450
456
461
463
467
471
472
481
487
490
498
502
508
513
519
524
529
533
537
541
545
553
557
561
564
568
572
579
585
594
603
611
618
626
632
637
643
650
657
665
671
675
684
693
697
702
710
718
721
728
730
735
743
751
756
764
768
773
778
785
789
796
803
807
814
822
828
831
838
845
851
858
862
870
879
883
889
894
898
900
905
913
919
924
926
937
943
946
953
958
967
972
979
989
992
1001
1006
1017
1024
1030
1036
1047
1049
1054
1057
1065
1071
1074
1084
1093
1101
1105
1110
1113
1121
1126
1129
1132
1135
1138
1141
1145
1152
1154
1159
1165
1172
1178
1182
1190
1197
1205
1209
1212
1216
1224
1232
1238
1242
1249
1256
1264
1271
1276
1283
1291
1299
1309
1316
1329
1334
1344
1352
1355
1363
1372
1379
1384
1387
1395
1400
1407
1415
1420
1429
1430
1450
1456
1461
1474
1486
1489
1498
1502
1505
1511
1515
1519
1525
1530
1535
1541
1551
1555
1573
1583
1588
1593
1601
1606
1613
1622
1624
1630
1637
1647
1657
1661
1667
1675
1685
1696
1708
1711
1720
1725
1733
1741
1748
1756
1759
1768
1776
1783
1791
1799
1809
1820
1826
1837
1850
1857
1865
1874
