0
9
11
18
24
30
38
45
46
54
61
74
77
92
96
99
103
106
115
122
133
137
145
148
161
164
173
178
185
195
205
213
222
229
240
250
257
267
277
281
289
294
298
311
317
325
334
340
353
361
364
372
375
380
386
392
400
415
423
432
444
450
455
466
470
475
486
496
505
518
525
531
540
546
555
570
577
587
596
601
607
615
622
627
632
639
642
647
654
663
668
671
682
686
691
695
698
707
718
721
729
733
742
749
763
774
787
794
799
809
813
817
825
829
833
838
845
852
857
864
871
879
887
892
906
921
928
933
942
952
958
966
976
986
994
1002
1009
1015
1019
1029
1034
1041
1049
1056
1062
1070
1077
1083
1090
1094
1113
1117
1123
1131
1139
1147
1154
1155
