0
9
14
20
25
31
36
41
45
53
60
67
71
74
80
84
89
93
96
102
105
112
117
119
124
129
134
141
146
153
156
163
167
173
182
188
197
200
212
216
223
227
231
238
243
249
260
264
268
273
277
285
289
296
300
304
313
318
325
327
332
339
346
351
363
374
380
384
391
396
402
407
415
425
430
438
443
453
458
464
472
478
484
487
493
494
499
503
508
512
517
522
528
532
537
539
544
551
557
563
566
568
572
580
588
593
596
602
605
610
618
623
633
640
651
660
663
670
679
681
685
691
696
699
704
710
714
721
731
737
744
748
754
758
768
772
778
782
788
796
801
807
812
815
823
827
833
841
854
865
873
880
890
895
901
906
909
919
926
933
938
946
954
960
965
973
980
986
993
1005
1010
1016
1019
1028
1035
1043
1050
1056
1063
1068
1075
1078
1092
1094
