0
3
9
13
21
27
32
37
43
51
58
64
69
76
87
92
95
98
102
107
110
116
123
130
135
143
149
155
162
168
175
185
198
208
215
218
222
227
232
239
250
262
272
278
282
297
301
309
321
332
344
349
355
364
371
383
386
394
406
412
420
430
438
446
461
469
477
482
486
490
496
502
514
523
527
530
541
544
547
557
562
571
576
580
586
591
598
604
607
614
620
623
630
637
645
652
658
664
675
679
687
694
700
706
712
718
723
731
740
750
756
770
773
778
791
794
803
810
817
830
835
839
845
852
867
872
881
907
918
928
932
938
943
949
952
958
967
972
980
984
991
995
1004
1010
1014
1020
1031
1040
1049
1054
1063
1066
1072
1079
1083
1092
1100
1109
1119
1126
1133
1141
1146
1153
1156
1163
1174
1191
1199
1203
1211
1217
1224
1230
1234
1239
1246
1256
1262
1268
1275
1281
1292
1297
1305
1311
1317
1322
1334
1341
1344
1353
1356
1366
1368
1375
1382
1389
1397
1402
1411
1416
1420
1428
1435
1444
1454
1460
1464
1467
1471
1476
1485
1490
1493
1505
1510
1516
1522
1530
1535
1541
1554
1559
1569
1577
1592
1594
