0
9
14
19
23
33
43
49
59
64
75
77
88
95
101
109
113
125
144
151
157
170
175
178
180
188
194
199
205
210
214
219
229
241
247
260
266
275
278
285
291
304
309
316
321
326
331
337
342
347
361
365
372
382
394
405
419
425
434
436
439
452
464
482
488
490
493
499
505
521
528
540
547
556
565
568
574
581
589
595
598
602
613
619
625
631
634
638
641
647
650
655
665
673
676
681
689
696
704
713
720
728
743
754
759
762
767
774
782
790
793
800
808
814
819
829
832
835
842
846
852
862
865
880
886
890
895
901
914
929
963
974
985
993
1003
1010
1017
1027
1033
1036
1044
1051
1061
1069
1081
1087
1099
1104
1112
1118
1128
1133
1143
1154
1162
1172
1183
1193
1202
