0
9
13
20
30
37
55
63
68
76
82
91
96
102
113
120
128
132
138
141
151
157
164
175
180
189
196
205
215
222
229
236
240
249
259
270
279
283
288
304
311
322
341
348
355
364
368
376
382
388
393
402
408
414
425
432
441
450
462
469
474
482
492
502
511
517
521
527
536
543
548
558
566
572
579
583
588
597
605
612
617
624
631
641
649
657
660
665
672
683
690
694
702
705
715
720
726
735
741
749
763
767
775
779
785
794
802
812
821
826
837
844
847
851
856
864
875
881
886
893
903
907
913
917
926
931
936
944
953
958
966
975
983
993
1005
1013
1021
1025
1039
1043
1050
1058
1072
1081
1087
1093
1100
1104
1111
1120
1126
1136
1150
1163
1171
1182
1189
1192
1200
1215
1224
1226
1232
1240
1246
1255
1260
1269
1279
1288
1298
1307
1312
1319
1325
1331
1338
1346
1356
1364
1367
1373
1382
1387
1396
1403
1414
1422
1431
1442
1447
1453
1462
1474
1485
1494
1501
1509
1524
1533
1543
1551
1559
1570
1577
1583
1589
1597
1603
1613
1616
1617
