1
14
15
30
34
41
54
60
65
73
76
80
84
88
92
98
102
103
110
113
121
128
131
136
145
150
154
156
167
172
178
182
188
194
200
208
212
218
224
229
232
238
243
244
249
258
268
277
284
290
294
300
306
313
317
325
328
331
338
341
347
351
359
364
370
374
376
385
392
397
404
413
417
421
425
429
432
435
440
443
448
452
457
464
466
471
476
487
492
496
501
505
508
513
521
529
532
538
544
550
557
565
566
568
571
574
583
587
592
597
602
604
611
614
619
622
626
629
636
639
643
647
651
662
671
675
676
686
691
693
698
704
710
716
718
727
730
738
741
745
751
757
761
766
773
777
788
794
805
808
812
813
