0
9
14
19
23
29
50
67
71
82
95
107
115
127
137
145
162
177
185
195
209
217
221
233
238
249
257
262
266
275
282
296
303
317
322
331
338
352
354
373
382
394
405
413
420
433
447
458
463
473
482
495
499
515
524
540
547
559
563
569
575
584
593
596
608
616
627
641
646
660
664
673
683
694
703
713
717
723
731
741
751
762
777
785
793
804
813
818
827
835
847
850
860
866
873
880
895
906
911
920
927
937
948
953
963
972
980
992
1005
1023
1036
1048
1058
1069
1077
1089
1105
1111
1121
1126
1135
1145
1152
1156
1168
1183
1196
1208
1220
1233
1247
1257
1275
1285
1288
1296
1303
1315
1323
1335
1342
1347
1363
1376
1382
1394
1400
1404
1416
1418
1423
1430
1437
1445
