0
9
13
18
24
33
38
47
54
59
71
81
90
94
98
103
114
123
130
135
141
146
151
158
170
172
175
181
197
203
211
214
219
223
228
231
239
241
248
249
255
263
272
279
287
290
296
300
307
313
321
327
331
342
344
348
352
367
374
376
381
388
391
396
399
408
422
431
439
444
448
457
462
471
475
480
488
495
500
508
513
516
519
523
529
541
546
550
556
562
568
578
579
582
587
599
608
615
629
639
643
649
654
658
661
664
667
672
676
683
692
697
702
708
715
723
734
741
748
753
756
766
773
777
787
796
805
808
813
817
822
823
825
832
842
848
852
854
857
859
864
873
877
883
886
889
892
896
897
901
905
908
909
926
932
934
936
941
948
951
958
970
982
984
989
997
1002
1006
1010
1018
1020
1044
