0
14
17
24
28
33
35
43
47
51
56
61
63
68
70
76
80
84
87
90
93
97
103
110
113
118
128
131
134
137
140
142
147
151
154
158
162
165
167
170
173
177
181
185
187
192
195
199
202
204
208
211
218
220
224
226
233
238
240
243
248
251
256
260
263
267
270
273
279
281
287
291
296
300
308
313
323
329
333
337
342
346
350
352
356
363
368
376
380
385
394
396
400
405
409
411
417
422
424
429
431
436
439
446
454
459
463
464
468
472
476
478
481
486
489
495
499
503
507
511
516
518
523
528
531
536
541
547
550
556
565
569
575
577
582
587
593
595
599
603
611
614
618
620
628
633
641
644
650
656
659
662
666
668
673
675
678
683
686
691
697
700
705
708
710
714
718
723
731
736
740
743
749
752
757
759
763
768
771
774
776
783
787
791
795
799
803
806
813
815
819
823
826
830
835
838
840
844
852
854
859
860
864
867
869
872
877
878
882
887
891
895
901
904
908
911
914
920
926
933
937
944
947
952
955
959
963
967
970
974
978
984
988
995
999
1005
1010
1014
1018
1022
1025
1029
1033
1036
1039
1043
1046
1051
1055
1058
1062
1066
1067
1071
1077
1081
1088
1094
1101
1104
1108
1112
1116
1119
1124
1129
1134
1138
1140
1143
1145
1149
1152
1156
1159
1162
1167
1171
1175
1180
1183
1189
1193
1198
1201
1204
1210
1212
1220
1229
1235
1240
1246
1253
1254
1260
1263
1267
1271
1278
1284
1288
1292
1296
1301
1306
1313
1315
1318
1320
1327
1331
1335
1338
1342
1347
1351
1357
1362
1367
1371
