0
3
9
18
22
25
33
43
50
58
71
80
89
93
99
105
110
113
121
125
129
134
141
146
150
154
159
163
171
183
189
192
198
207
211
221
235
244
247
255
262
270
276
279
289
296
298
306
312
325
327
331
339
348
353
364
369
379
391
403
409
419
427
438
442
451
458
466
471
476
481
486
492
500
506
510
513
517
524
534
537
544
554
564
573
578
584
592
603
613
620
628
634
636
645
651
656
662
668
675
683
690
696
701
707
715
723
736
742
747
756
758
764
773
785
794
800
805
815
821
832
841
851
862
869
875
880
890
899
907
915
924
931
939
948
956
966
974
983
992
1000
1009
1013
1021
1030
1044
1060
1071
1077
1090
1094
1102
1105
1113
1121
1127
1138
1148
1160
1172
1182
1189
1194
1198
1204
1210
1223
1235
1243
1248
1257
1268
1273
1287
1294
1304
1311
1320
1327
1336
1348
1357
1368
1372
1377
1388
1396
1401
1405
1410
1415
1422
1427
1439
1447
1454
1461
1473
1481
1501
1511
1516
1523
1532
1542
1549
1555
1559
1560
