0
9
18
22
31
37
43
51
59
67
77
83
90
110
113
120
123
130
133
138
142
147
153
164
169
177
183
187
194
201
209
216
219
228
233
244
251
255
261
265
273
279
291
294
302
305
311
319
324
331
339
344
350
357
366
369
379
386
391
400
412
417
422
433
438
443
445
449
457
464
473
485
490
497
505
512
521
524
528
535
537
539
543
547
550
554
556
563
568
570
574
578
580
585
586
592
597
600
604
611
620
630
636
641
647
657
663
671
678
685
692
697
705
714
722
737
744
750
755
765
770
775
785
791
797
806
816
824
828
836
842
850
853
864
877
880
886
891
895
900
905
912
916
917
923
933
940
944
951
953
