0
9
12
17
30
40
53
63
74
82
88
95
99
106
118
132
135
142
148
157
162
168
171
178
189
197
204
217
223
227
238
245
256
262
271
274
281
296
306
313
317
327
334
342
349
353
359
370
371
375
379
385
394
400
409
418
422
426
436
445
456
460
474
487
502
507
510
515
520
527
536
543
553
558
565
573
583
595
600
614
623
636
643
653
666
670
682
686
694
699
723
727
740
750
761
778
787
801
812
821
828
846
856
866
876
883
894
907
921
924
931
940
943
959
975
993
1003
1014
1020
1023
1029
1034
1047
1059
1065
1073
1082
1084
1091
1099
1112
1123
1136
1140
1149
1153
1155
1161
1177
1180
1191
1193
1210
1221
1226
1233
1243
1262
1265
1272
1279
1290
1299
1310
1318
1329
1332
1341
1354
1365
1368
1377
1390
1399
1402
1409
1415
1432
1443
1450
1453
1461
1471
1480
1489
1505
1518
1520
