0
2
9
12
16
20
23
26
28
36
39
45
48
49
51
53
56
58
61
63
68
71
78
82
89
94
97
99
102
104
105
111
114
120
126
130
133
138
143
149
161
168
173
183
196
202
213
220
225
240
244
254
260
265
275
279
291
301
309
315
320
333
337
350
366
377
386
390
393
398
400
404
408
418
423
429
435
442
446
450
460
471
480
487
489
496
502
513
521
525
536
543
555
563
568
576
584
596
603
607
613
622
631
645
655
662
672
677
685
691
698
707
713
723
727
736
741
748
756
765
773
779
788
793
800
805
809
812
819
831
837
839
844
849
855
861
871
877
882
888
904
912
922
926
934
937
940
943
950
966
975
984
991
997
1008
1014
1021
1029
1042
1068
1072
1078
1082
1103
1106
1108
1110
