0
9
12
16
26
29
31
39
44
56
67
76
82
88
98
110
124
138
142
159
162
170
175
177
185
193
203
211
228
235
247
260
270
277
284
296
310
318
324
334
339
344
352
358
361
367
376
385
393
400
408
413
422
426
433
437
442
447
454
462
465
476
483
496
507
515
521
533
539
543
551
560
567
571
575
579
585
594
599
610
619
625
630
638
644
648
656
663
675
681
685
691
695
701
706
714
726
741
747
754
758
771
779
783
788
793
799
807
814
824
828
838
853
858
867
881
891
905
913
924
933
944
955
980
995
1004
1011
1026
1036
1043
1051
1057
1070
1083
1086
1095
1098
1112
1123
1129
1137
1148
1153
1164
1175
1182
1188
1196
1203
1213
1231
1238
1245
1270
1275
1283
1288
1292
1303
1310
1317
1324
1333
