0
3
9
13
15
21
26
30
39
49
56
65
72
83
88
97
106
112
116
125
132
143
150
159
166
177
180
187
197
207
221
231
237
250
255
261
268
276
280
285
287
292
298
305
309
313
317
324
334
337
347
353
359
367
370
377
383
388
396
399
404
417
430
442
452
461
470
473
480
486
492
498
503
508
513
523
529
536
551
554
558
563
569
574
580
587
593
606
611
621
626
634
637
644
649
650
655
657
664
670
675
684
697
700
705
712
719
726
732
739
751
764
773
781
788
796
799
804
812
816
826
839
851
858
865
870
876
882
887
898
915
924
925
930
939
946
949
955
961
963
971
976
979
988
992
999
1006
1008
1015
1022
1030
1041
1049
1058
1062
1068
1079
1088
1096
1108
1121
1126
1133
1140
1146
1152
1158
1165
1168
1179
1185
1190
1196
1202
1209
1216
1221
1227
1235
1239
1246
1251
1259
1261
1269
1276
1281
1284
1287
1292
1298
1301
1304
1306
1309
1312
1317
1330
1336
1343
1350
1356
1360
1365
1378
1381
1383
1388
1393
1400
1408
1411
1419
1428
1435
1440
1444
1455
1461
1465
1470
1475
1487
1495
1504
1508
