0
9
13
16
25
27
33
38
41
44
50
52
54
59
64
70
76
82
86
92
98
104
110
117
122
126
128
133
138
141
144
149
153
159
165
169
172
176
178
184
189
192
195
205
208
212
215
224
226
237
245
252
255
260
266
272
276
285
291
296
302
306
312
316
320
323
326
331
336
341
344
347
352
359
370
376
380
386
393
398
400
406
412
416
420
426
430
432
435
436
441
445
460
464
473
484
492
497
499
502
507
512
520
527
530
533
536
543
546
550
561
566
573
577
582
589
595
610
618
626
631
636
642
654
658
660
670
678
683
693
711
715
720
724
729
734
738
743
749
753
756
762
768
774
781
791
799
816
820
824
829
832
836
838
843
847
856
862
875
880
884
890
905
913
920
932
939
945
947
951
956
962
969
974
978
981
987
991
994
998
1001
1004
1009
1016
1023
1025
1028
1033
1036
1044
1047
1057
1062
1066
1071
1074
1079
1083
1088
1093
1102
1106
1113
1117
1124
1128
1132
1139
1143
1145
1149
1154
1162
1173
1188
1190
1195
1198
1204
1207
1210
1211
1215
1218
1220
1224
1231
1245
1251
1257
1267
1270
1276
1279
1285
1293
1298
1304
1311
1316
1326
1328
1331
1335
1338
1351
1357
1364
1367
1380
1388
1396
1408
1413
1417
1424
1429
1437
1442
1448
1451
1458
1461
1470
1477
1484
1487
1493
1502
1507
1512
1523
1531
1538
1545
1549
1553
1562
1569
1573
1583
1588
1592
1598
1603
1612
1623
1631
1634
1640
1644
1648
1653
1659
1664
1669
1674
1679
1684
1689
1695
1708
1719
1727
1729
1733
1743
1748
1758
1763
1766
1771
1776
1783
1790
1800
1807
1815
1825
1835
1845
1854
1858
