0
3
9
12
15
18
21
31
45
48
54
58
61
69
76
85
92
99
105
112
115
123
128
135
144
149
152
155
162
165
171
180
184
189
193
199
211
213
221
231
239
245
252
258
265
275
283
288
295
298
305
312
319
325
335
340
350
356
361
365
372
376
380
388
397
402
407
411
419
424
430
436
442
448
453
457
461
464
468
475
481
486
492
497
506
511
520
525
529
538
545
550
554
558
563
570
574
580
586
592
597
602
607
613
617
622
625
631
638
646
652
656
664
673
684
690
695
700
708
716
722
727
732
741
753
754
758
766
774
781
789
791
799
813
822
832
839
843
851
854
862
868
873
880
887
896
901
908
915
919
