0
12
16
29
36
47
52
57
62
70
82
89
97
105
109
118
128
131
142
152
157
162
168
174
180
185
189
195
200
206
216
221
232
239
247
254
259
266
272
280
285
290
297
302
307
319
324
333
340
345
350
357
364
371
379
385
392
395
402
407
413
425
430
434
441
445
451
458
461
464
469
480
482
486
494
500
504
506
512
520
525
531
538
546
555
564
575
585
594
601
607
614
619
628
633
637
642
649
653
656
663
667
670
679
687
693
701
705
712
718
731
741
749
754
761
768
774
777
783
789
798
802
807
818
825
836
842
845
850
855
862
872
879
885
891
900
903
917
928
934
943
944
950
