0
15
18
24
30
34
41
70
76
87
94
97
102
113
115
120
126
135
141
156
163
170
174
178
182
189
194
201
208
212
217
226
230
238
248
255
266
274
278
283
292
298
306
312
322
329
335
348
351
356
360
368
371
382
391
401
408
417
423
439
448
451
463
467
474
478
482
490
498
501
508
516
521
528
539
547
556
564
569
577
582
596
602
606
615
623
631
642
655
660
662
668
673
684
690
696
706
716
724
733
736
744
750
756
760
764
771
776
780
790
803
812
820
823
831
835
841
847
861
868
874
879
888
891
896
900
905
908
914
924
929
936
939
942
946
953
954
958
965
975
982
988
992
997
1003
1012
1024
1031
1036
1043
1049
1053
1059
1067
1072
1076
1083
1087
1095
1103
1106
1113
1118
1124
1133
1140
1145
1152
1159
1166
1174
1181
1187
1194
1201
1205
1211
1216
1220
1229
1232
1239
1245
1255
1262
1267
1274
1279
1288
1292
