0
3
10
15
26
32
55
65
81
88
94
100
107
119
127
137
143
150
156
160
168
183
194
210
218
220
234
241
246
253
260
276
280
290
298
308
315
321
327
331
340
345
352
366
380
384
396
404
411
423
427
439
448
461
465
475
485
487
492
496
499
507
516
522
528
538
541
546
555
578
589
594
602
613
622
629
640
646
655
666
673
680
688
693
700
713
723
737
746
758
772
786
796
804
814
819
831
840
851
854
860
865
869
875
886
900
907
911
915
923
937
944
952
961
973
978
990
997
1008
1016
1027
1056
1062
1077
1093
1103
1121
1131
1138
1148
1159
1166
1172
1183
1192
1210
1221
1228
1235
1246
1259
1270
1282
1286
1296
1303
1310
1318
1322
1338
1342
1363
1368
1376
1384
1393
1406
1416
1421
1426
1434
1442
1448
1456
1466
1474
1490
1499
1509
1519
1526
1535
1543
1551
1563
1575
1582
1594
1600
1605
1614
1627
1640
1647
1655
1662
1684
1695
1706
1725
1735
1741
1750
1758
1765
1773
1779
1785
1795
1807
1814
1821
1831
1839
1845
1855
1869
1877
1891
1908
1917
1927
1936
1941
1953
1965
1972
1979
1988
1993
2000
2009
2024
2034
2036
2039
2045
2051
2058
2064
2070
2076
2083
2086
2091
2096
2101
2109
2113
2119
2128
2133
2137
2140
2150
2154
2156
2166
2177
2184
2185
2188
2194
2198
2204
2209
2219
2229
2231
