0
9
12
17
25
35
45
52
57
73
90
92
97
110
121
131
136
143
154
162
168
175
182
187
192
198
203
210
219
227
235
245
249
255
262
269
277
285
289
300
307
318
327
334
344
357
365
379
384
390
395
403
412
416
422
428
435
440
452
459
467
474
481
488
497
504
511
517
526
535
537
541
546
553
559
568
573
581
586
594
599
615
622
636
645
654
661
670
681
693
698
704
709
720
729
739
744
750
757
762
772
780
784
786
792
805
815
828
831
842
849
853
859
867
880
893
900
909
915
921
928
936
946
951
952
961
968
972
981
991
1003
1010
1015
1022
1028
1037
1045
1055
1064
1076
1082
1090
1106
1113
1121
1128
1139
1148
1157
1165
1171
1175
1179
1185
1189
1194
1201
