0
3
9
12
25
35
41
51
61
74
81
87
96
105
112
123
129
151
156
161
170
182
190
196
204
218
223
233
239
245
259
269
274
281
289
299
310
317
327
337
342
346
356
361
366
375
382
390
402
412
417
429
432
441
450
461
464
468
476
482
485
492
496
502
510
526
534
544
551
558
566
575
588
595
605
610
619
626
634
638
642
650
655
662
666
676
681
684
696
706
712
716
732
743
749
755
760
767
777
785
793
802
808
814
823
830
837
851
857
870
879
885
889
894
908
915
921
937
949
956
963
968
979
986
994
1000
1009
1018
1027
1034
1038
1054
1059
1070
1083
1091
1105
1111
1124
1129
1137
1146
1154
1160
1166
1172
1181
1196
1211
1218
1230
1234
1240
1248
1254
1262
1267
1279
1289
1294
1298
1299
1307
1313
1321
1330
1337
1349
1355
1358
1363
1367
1372
1375
1379
1385
1389
1398
1405
1407
1411
1416
1423
1431
1434
1444
1451
1467
1473
1478
1482
1486
1497
1501
1507
1511
1524
1528
1541
1547
1556
1564
1568
1575
1579
1584
1588
1597
1606
1612
1623
1627
1636
1642
1648
1653
1659
1665
1669
1678
1684
1690
1698
1705
1712
1716
1721
1728
1737
1748
1758
1762
1767
1774
1780
1783
1788
1799
1806
1817
1828
1836
1840
1846
1852
1863
1873
1879
1888
1895
1899
1909
1920
1930
1937
1943
1953
1955
1963
1968
1976
1983
1988
1994
2002
2005
2014
2021
2031
2038
2046
2062
2065
2078
2084
2089
2095
2100
2102
2105
2112
2123
2130
2134
2141
2148
2156
2161
2164
2170
2178
2186
2189
2195
2206
2214
2220
2225
2234
2242
2249
2257
2262
2269
2274
2283
2290
2295
