0
10
14
18
23
28
36
40
54
64
67
74
81
95
99
110
123
129
137
143
149
158
160
168
176
180
184
191
194
201
205
211
223
245
257
268
280
291
299
305
312
326
341
347
353
358
365
369
372
376
383
390
393
406
414
422
425
436
441
449
454
458
466
470
473
479
482
489
495
499
504
510
521
526
531
537
543
545
551
556
562
572
574
579
585
591
596
602
608
610
613
621
626
630
638
644
655
663
669
674
681
687
690
696
700
705
709
713
724
729
734
738
745
749
752
755
768
773
779
788
798
806
810
824
833
837
848
853
861
870
885
898
901
908
916
919
925
936
941
950
955
965
973
980
985
988
994
1000
1004
1013
1017
1023
1024
1028
1032
1035
1044
1053
1065
1070
1078
1087
1096
1100
1106
1114
1126
1131
1140
1143
1152
1156
1162
1173
1181
1189
1191
1197
1201
1207
1212
1219
1223
1230
1242
1253
1267
1274
1278
