0
3
9
11
15
27
29
38
52
62
75
79
89
97
102
111
122
132
145
151
159
168
176
182
192
202
214
223
229
235
244
254
261
271
287
303
314
323
331
340
347
350
361
376
382
397
413
416
427
439
453
464
469
476
481
489
494
501
509
513
528
532
540
546
551
564
577
583
587
591
597
607
615
627
634
639
649
659
660
669
675
685
694
704
715
720
729
738
742
744
751
753
766
774
782
788
795
804
807
815
824
834
840
852
857
864
873
878
883
890
896
901
908
915
920
926
933
942
947
956
968
980
986
996
1001
1010
1016
1019
1023
1030
1036
1042
1049
1055
1062
1067
1073
1075
1080
1085
1094
1101
1109
1115
1119
1127
1132
1143
1148
1155
1159
1164
1170
1175
1185
1192
1202
1207
1215
1219
1222
1230
1238
1245
1254
1260
1268
1274
1284
1292
1298
1302
1310
1317
1326
1333
1339
1343
1350
1360
1372
1378
1384
1391
1396
1401
1405
1412
1419
1425
1432
1440
1448
1456
1461
1466
1471
1472
1480
1486
1493
1503
1519
1525
1535
1540
1547
1550
1551
1553
