1
12
13
16
23
31
42
57
70
80
84
91
100
109
117
124
133
140
150
156
161
168
178
184
191
196
206
211
220
228
232
237
240
248
253
258
268
277
285
291
302
312
318
323
327
332
342
346
353
359
369
375
382
389
395
405
412
415
419
426
431
437
444
449
460
472
480
486
487
491
498
508
515
525
529
540
544
551
554
563
568
575
579
582
585
587
596
604
610
614
619
628
633
636
642
654
657
665
666
669
676
686
689
697
701
707
710
713
717
721
733
738
745
750
757
764
769
775
777
779
785
794
797
806
810
814
818
824
832
845
856
871
877
885
897
906
911
921
922
929
935
938
941
946
950
954
957
963
971
976
982
988
995
1004
1009
1011
1013
1017
1022
1025
1034
1041
1048
1055
1063
1071
1073
1078
1084
1088
1096
1100
1103
1112
1116
1118
1120
1124
1127
1128
1132
1139
1146
1149
1161
1165
1175
1181
1183
1185
1191
1200
1203
1209
1220
1229
1235
1239
1248
1263
1270
1274
1282
1293
1298
1302
1310
1317
1322
1329
1334
1343
1349
1361
1366
1376
1380
1386
1393
1399
1403
1411
1428
1435
1442
1450
1453
1462
1473
1480
1486
1497
1507
1517
1520
1522
1526
1533
1536
1541
1545
1552
1560
1567
1573
1578
1593
1602
1605
1614
1630
1639
1646
1650
1655
1666
1673
1684
1691
1699
1707
1714
1721
1727
1729
1731
1734
1735
1737
1739
1743
1754
1762
1766
1774
1782
1787
1792
1794
1799
1808
1813
1817
1822
1829
1830
1840
1846
1849
1850
1857
1874
1878
1884
1887
1897
1904
1914
1923
1928
1938
1947
1955
1961
1966
1974
1980
1984
1987
1991
1995
2000
2003
2010
2026
2040
2053
2060
2062
2067
2072
2076
2084
2090
2097
2104
2106
2122
2127
2137
2148
2160
2169
2175
2187
2204
2213
2216
2224
2232
2244
2255
2264
2267
2276
2282
2287
2295
2300
2305
2309
2316
2323
2333
2337
2344
2348
2349
2358
2363
2369
2374
2382
2391
2396
2398
2400
2403
2419
2428
2432
2446
2452
2455
2460
2470
2477
2480
2482
