0
9
14
22
34
36
42
51
58
66
69
84
93
99
113
118
126
132
142
146
163
177
192
198
213
224
229
236
243
247
252
264
270
279
285
289
299
309
317
332
339
346
360
366
380
395
405
408
415
425
442
452
457
471
475
488
494
506
511
518
525
535
547
559
566
569
574
583
589
602
611
615
620
624
633
637
644
652
659
666
675
681
690
696
700
706
712
714
727
732
741
744
753
760
771
777
782
793
797
803
812
815
821
834
842
853
861
870
880
891
900
909
941
969
997
1002
1015
1025
1031
1039
1047
1049
1060
1072
1079
1085
1100
1108
1119
1133
1139
1145
1152
1160
1168
1174
1186
1196
1211
1213
1229
1238
1250
1260
1264
1274
1295
1300
1311
1323
1330
1358
1373
1390
1406
1410
1417
1431
1433
