0
9
22
27
40
43
51
55
69
73
84
96
106
119
122
127
134
138
144
150
154
161
169
179
186
190
199
206
214
219
229
237
243
248
253
260
268
277
290
299
305
310
315
320
331
334
340
349
353
359
363
368
385
398
402
413
424
428
435
438
448
459
466
472
487
494
497
503
511
515
521
526
542
553
563
573
578
582
586
593
599
603
606
614
624
629
634
639
641
646
649
657
660
668
674
676
681
688
691
694
706
710
715
718
726
734
739
748
756
762
770
774
783
792
795
808
811
818
821
828
835
844
855
863
869
877
884
891
894
905
908
913
914
920
926
930
933
935
943
948
952
955
959
961
963
967
972
975
981
985
990
996
1002
1012
1015
1020
1024
1026
1031
1041
1053
1064
1069
1073
1077
1079
1088
1090
1096
1101
1108
1116
1119
1124
1128
1133
1139
1149
1157
1161
1167
1179
1186
1192
1199
1210
1221
1227
1234
1240
1248
1254
1259
1268
1274
1282
1287
1292
1297
1305
1313
1323
1330
1339
1347
1349
1351
1355
1365
1374
1380
1383
1392
1400
1415
1426
1433
1437
1445
1449
1452
1457
1461
1462
1466
1471
1478
1483
1485
1488
1493
1494
1499
1501
1507
1509
1513
1517
1519
1522
1525
1529
1532
1534
1538
1541
1545
1549
1550
1556
1561
1567
1570
1573
1577
1581
1585
1591
1600
1602
1606
1611
1620
1625
1628
1635
1637
1645
1651
1659
1662
1665
1672
1675
1677
1682
1686
1688
1690
1695
1697
1703
1709
1712
1718
1725
1728
1751
1756
1763
1766
1772
1776
1781
1785
1794
1799
1806
1815
1823
1834
1840
1846
1853
1859
1867
1874
1883
1888
1899
1905
1911
1923
1933
1940
1949
1959
1964
1970
1977
1981
1985
1989
1992
2000
2004
2011
2017
2020
2024
2032
2039
2044
2047
2058
2062
2065
2072
2081
2086
2091
2105
2106
2112
2115
2123
2130
2134
2136
2140
2146
2151
2156
2166
2169
2174
2179
2185
2190
2193
2199
2202
2205
2210
2218
2226
2231
2238
2247
2254
2257
2261
2267
2274
2287
2294
2301
2308
2313
2322
2334
2339
2349
2351
2358
2365
2369
2375
2386
2388
2406
2412
2417
2431
2438
2443
2452
2460
2462
2465
2470
2476
2481
2483
2492
2501
2505
2511
2513
2517
2521
2531
2535
2539
2542
2550
2554
2567
2570
2583
2587
2591
2599
2606
2612
2620
2628
2630
2638
2644
2648
2654
2658
2661
2667
2670
2677
2685
2688
2692
2697
2702
2706
2709
2721
2739
2742
2749
2753
2759
2765
2770
2779
2782
2785
2792
2800
2805
2809
2819
2828
2838
2843
2847
2853
2862
2873
2879
2882
2891
2892
2899
2910
2915
2918
2926
2941
2951
2962
2968
2982
2991
3002
3016
3023
3027
3034
3045
3059
3067
3073
3089
3099
3103
3110
3118
3121
3131
3138
3141
3149
3156
3166
3178
3187
3197
3206
3217
3223
3241
3249
3255
3264
3271
3277
3289
3301
3308
3313
3322
3333
3343
3347
3349
3356
3367
3373
3375
3383
3391
3397
3404
3409
3420
3431
3441
3446
3452
3462
3474
3481
3487
3492
3500
3505
3508
3515
3522
3528
3537
3540
3551
3564
3569
3574
3579
3592
3597
3603
3607
3620
3628
3644
3651
3662
3665
3670
3685
3698
3702
3711
3720
3727
3735
3739
3745
3753
3759
3762
3768
3770
3773
3778
3781
3786
3798
3808
3813
3823
3828
3840
3848
3858
3864
3871
3875
3880
3884
3890
3897
3913
3919
3923
3927
3935
3946
3955
3962
3964
3968
3978
3980
3986
3989
3996
4004
4010
4020
4028
4030
4037
4045
4049
4056
4066
4073
4078
4083
4090
4100
4106
4110
4119
4121
4124
4129
4137
4142
4147
4153
4157
4167
4169
4179
4184
4187
4189
4206
4225
4243
4262
4280
4299
4317
4336
4354
4373
4391
4410
4429
4448
4466
4485
4503
