0
3
9
11
15
21
29
34
41
45
51
58
62
67
74
82
86
90
97
108
118
131
138
147
152
157
165
172
179
183
191
194
198
205
208
214
220
226
233
238
248
253
259
269
275
282
288
292
297
302
305
312
316
323
332
338
346
354
361
362
373
377
386
395
398
406
411
419
422
427
464
473
502
506
518
535
552
559
568
586
587
596
601
609
614
616
622
632
637
646
653
657
661
671
674
679
685
691
699
719
738
742
750
754
760
763
773
784
791
793
799
805
818
825
827
831
840
859
882
889
894
896
902
905
910
917
925
934
938
945
952
959
965
969
974
978
983
988
995
1003
1012
1014
1021
1030
1036
1040
1046
1047
