0
13
17
21
30
36
40
53
66
71
76
86
94
105
108
115
121
122
129
135
141
148
160
162
165
172
178
187
190
200
205
209
214
224
233
237
243
247
257
269
280
286
290
295
300
302
305
309
315
320
326
336
345
352
358
370
373
378
385
388
395
401
412
416
421
425
430
433
436
445
450
455
463
468
478
482
488
490
500
506
515
522
531
535
541
548
557
563
571
581
587
596
598
601
607
611
620
628
630
640
644
648
653
665
671
675
683
690
695
706
718
722
727
734
740
747
753
758
763
770
776
782
789
795
807
815
817
821
827
830
843
851
860
864
878
883
889
899
905
909
911
921
929
934
937
941
949
962
969
974
983
986
994
1000
1008
1016
1021
1025
1032
1039
1042
1046
1053
1061
1067
1075
1078
1086
1090
1092
1099
1105
1113
1123
1132
1135
1145
1152
1158
1164
1167
1177
1186
1193
1200
1210
1215
1224
1229
1236
1240
1251
1262
1270
1277
1282
1289
1296
1300
1306
1310
1316
1322
1325
1331
1337
1341
1347
1353
1360
1369
