0
3
9
14
17
25
31
43
52
61
69
73
83
89
97
99
105
116
120
127
136
142
149
155
162
167
177
179
190
195
202
213
218
225
231
237
246
251
259
264
269
273
276
280
285
296
300
306
311
325
330
332
336
339
344
349
356
363
369
372
379
389
397
402
405
412
416
432
436
441
447
453
456
459
463
471
476
479
486
496
500
506
514
525
529
534
538
545
550
556
560
565
569
575
582
586
593
596
600
603
608
613
616
626
630
636
644
649
654
658
664
668
673
681
684
690
693
701
705
711
720
723
727
733
739
742
746
751
755
760
763
766
769
773
779
794
796
802
815
820
826
831
835
843
845
851
861
865
876
882
891
896
902
906
914
922
930
940
943
950
955
960
966
969
973
980
994
1003
1008
1011
1018
1022
1025
1034
1037
1047
1053
1058
1066
1070
1075
1078
1084
1088
1091
1096
1098
1105
1114
1120
1123
1127
1137
1141
1149
1152
1156
1161
1164
1171
1177
1180
1185
1190
1196
1199
1205
1213
1218
1225
1232
1240
1245
1253
1260
1266
1280
1283
1292
1295
1299
1307
1310
1318
1328
1331
1336
1347
1353
1359
1367
1372
1380
1387
1393
1398
1409
1417
1422
1433
1439
1446
1453
1459
1463
1471
1478
1483
1492
1498
1503
1513
1516
1524
1531
1535
1539
1544
1550
1553
1557
1560
1568
1575
1582
1597
1601
1604
1609
1611
