0
9
12
17
19
25
32
36
40
45
57
61
65
71
77
85
98
108
118
128
138
148
156
164
172
180
190
195
202
210
214
218
225
232
241
244
250
257
262
267
273
276
281
286
290
297
302
313
320
331
335
343
346
350
356
364
371
374
380
383
390
396
398
407
414
425
431
434
439
451
459
467
472
477
480
483
492
499
506
517
527
532
536
541
554
560
562
574
583
587
595
605
608
614
623
625
627
631
634
640
647
652
662
665
668
671
675
678
683
688
693
700
709
717
725
731
737
742
747
751
755
760
768
778
782
788
792
799
803
812
814
821
830
831
839
843
