0
3
9
11
13
19
23
31
36
39
42
48
51
56
58
63
67
70
73
76
83
87
91
96
101
105
110
113
116
122
127
130
132
138
145
151
159
162
167
174
182
185
188
192
199
202
205
207
210
217
226
229
234
238
242
247
250
257
261
267
270
281
284
290
298
302
309
313
319
325
332
336
341
344
348
353
357
365
374
375
384
388
392
397
404
409
415
423
426
431
435
440
445
450
457
463
468
476
478
482
484
486
493
497
503
506
510
517
523
527
534
538
541
544
549
555
557
560
562
568
571
578
582
588
591
596
605
607
614
617
624
629
634
641
646
649
656
661
668
672
675
677
685
689
693
700
704
710
715
723
725
732
741
746
753
764
769
772
777
780
785
793
800
806
811
819
829
833
839
844
847
852
856
859
863
867
873
878
886
887
893
897
906
916
928
937
942
946
950
953
961
968
975
980
983
988
990
995
999
1002
1008
1013
1018
1026
1029
1035
1037
1043
1052
1056
1058
1062
1064
1067
1072
1081
1086
1091
1097
1103
1107
1115
1117
1119
1122
1127
1130
1133
1136
1141
1148
1156
1164
1174
1182
1187
1194
1201
1207
1217
1225
1232
1241
1246
1253
1261
1263
1273
1280
1286
1292
1295
1303
1310
1319
1324
1329
1337
1344
1355
1358
1364
1366
1376
1379
1383
1387
1399
1402
1409
1414
1418
1423
1428
1435
1438
1441
1445
1448
1452
1455
1459
1464
1470
1473
1479
1486
1491
1498
1499
1504
1506
1508
1520
1524
