0
9
12
15
19
25
34
39
48
50
55
67
71
78
86
94
97
106
115
122
131
135
139
142
148
155
164
169
183
187
192
201
207
214
219
225
230
236
240
250
259
265
275
283
292
298
303
310
318
325
334
343
347
355
358
367
372
378
384
389
397
400
406
411
417
424
430
442
445
451
456
460
463
470
480
484
488
494
501
508
514
523
529
532
537
539
545
548
552
558
566
570
578
586
592
599
603
608
614
618
623
628
635
641
654
660
664
668
677
684
690
695
701
709
723
729
737
744
755
761
766
772
780
784
792
799
801
810
818
828
831
841
847
856
858
869
880
885
891
896
905
909
917
934
946
952
971
974
978
980
998
1001
1009
1017
1024
1031
1035
1046
1052
1059
1065
1072
1078
1082
1090
1095
1106
1113
1125
1132
1144
1162
1170
1179
1190
1198
1205
1220
1230
1237
1249
1255
1259
1271
1277
1285
1292
1296
1306
1315
1328
1342
1348
1354
1366
1373
1381
1383
1389
1396
1403
1413
1418
1422
1427
1437
1443
1446
1465
1473
1481
1486
1491
1499
1500
1503
1506
