0
9
14
19
22
27
32
39
45
53
58
69
77
83
97
114
121
124
131
136
145
156
167
173
179
182
191
197
207
215
223
229
237
242
246
251
257
266
279
285
294
297
300
305
313
325
334
339
346
351
357
365
372
375
382
385
396
405
411
419
422
424
429
435
440
444
447
456
463
468
474
482
490
494
497
505
509
516
520
528
535
547
565
589
592
603
607
613
620
624
640
652
655
661
666
670
677
683
691
696
699
706
714
717
720
723
727
737
741
747
750
758
761
763
770
781
787
791
798
807
809
815
823
830
839
843
849
853
860
865
874
882
891
896
901
907
912
918
926
938
944
952
958
965
971
980
991
1001
1007
1011
1015
1021
1025
1036
1042
1049
1052
1062
1066
1073
