0
10
13
18
25
32
36
46
53
56
62
72
74
82
92
109
114
118
122
127
134
138
140
148
158
167
170
179
186
203
211
217
223
227
233
239
246
252
255
260
268
275
281
285
293
298
302
311
316
320
325
327
334
341
346
350
361
366
369
375
378
382
390
393
395
403
408
418
429
435
445
454
463
471
474
482
488
491
494
502
507
512
520
525
532
541
549
557
567
577
582
589
599
606
612
616
622
629
634
643
648
656
659
662
671
680
685
688
694
698
705
709
712
716
724
731
741
759
765
770
779
784
792
797
801
809
813
822
827
833
838
844
851
857
865
870
875
884
890
897
902
907
915
921
927
932
939
946
955
958
961
971
979
987
994
998
1004
1012
1016
1019
1024
1028
1031
1035
1042
1045
1049
1053
1054
1061
1070
1074
1077
1082
1087
1091
1103
1109
1118
1126
1130
1133
1139
1146
1147
1155
1161
1167
1172
1177
1188
1199
1206
1213
1222
1228
1238
1247
1256
1258
1262
1269
1277
1282
1291
1297
1303
1308
1313
1317
1321
1333
1343
1351
1358
1367
1373
1376
1379
1390
1404
1414
1426
1431
1436
1439
1447
1454
1462
1470
1475
1479
1489
1497
1500
1508
1512
1519
1528
1537
1542
