0
3
9
11
17
27
31
38
43
45
47
50
53
59
70
77
80
87
93
99
105
113
118
126
133
139
143
149
153
159
161
165
171
176
182
192
195
196
201
208
212
215
220
225
232
237
241
250
256
263
271
278
282
290
296
299
301
312
316
320
329
338
346
355
363
372
378
382
390
395
403
408
418
424
429
439
448
456
461
470
485
492
504
509
514
526
531
535
544
554
563
576
581
591
597
601
608
614
622
630
640
647
659
669
681
687
696
702
709
714
719
727
737
744
752
759
771
786
793
799
807
815
821
830
836
842
845
849
854
859
867
872
877
892
897
903
914
920
926
934
938
942
947
950
955
962
969
978
985
990
996
1001
1003
1006
1008
1010
1012
1019
1023
1028
1035
1042
1049
1052
1058
1061
1066
1073
1078
1083
1088
1094
1097
1102
1105
1114
1121
1127
1133
1137
1144
1148
1152
1157
1162
1169
1176
1184
1191
1203
1212
1213
1217
1222
1227
1234
1238
1242
1252
1258
1263
1267
1270
1275
1280
1284
1287
1294
1297
1304
1306
1311
1316
1320
1325
1329
1335
1339
1344
1351
1356
1359
1361
1368
1372
1378
1384
1390
1401
1412
1415
1434
1438
1442
1448
1454
1457
1461
1473
1479
1484
1489
1496
1500
1507
1518
1526
1532
1539
1544
1548
1553
1558
1561
1564
1571
1576
1581
1587
1592
1597
1603
1614
1618
1625
1635
1638
1646
1652
1659
1662
1668
1678
1683
1687
1693
1699
1705
1712
1717
1725
1730
1732
1742
1748
1752
1758
1762
1770
1777
1782
1786
1796
1800
1807
1812
1819
1831
1840
1846
1853
1861
1866
1870
1874
1881
1888
1892
1895
1904
1908
1915
1919
1924
1929
1936
1943
1957
1963
1967
1972
1975
1981
1983
1989
1995
1999
2005
2014
2019
2022
2026
2034
2041
2047
2051
2055
2062
2069
2073
2084
2086
2092
2097
2101
2107
2112
2121
2124
2130
2141
2147
2154
2159
2167
2170
2174
