0
3
9
12
16
20
23
31
40
50
72
76
88
98
105
113
116
123
130
143
155
160
167
176
179
185
191
198
203
211
219
226
240
246
257
266
277
282
287
292
303
310
314
321
330
334
341
349
359
368
375
390
395
403
413
420
425
435
448
455
467
475
482
495
500
510
514
525
533
545
555
566
572
580
585
592
598
602
608
620
626
635
646
652
660
669
677
688
704
708
718
726
731
744
757
768
777
795
800
803
808
813
821
827
833
840
853
862
873
880
887
893
897
906
918
922
932
940
950
957
963
968
973
982
988
996
1000
1007
1011
1015
1018
1025
1037
1043
1055
1062
1069
1076
1084
1090
1097
1109
1120
1130
1135
1141
