1
9
13
15
17
20
23
27
48
54
59
79
84
97
110
121
127
134
139
150
155
164
175
188
205
233
245
250
259
271
281
290
312
317
329
335
346
356
364
382
390
395
407
412
421
425
434
444
446
452
472
485
507
513
527
534
537
542
544
555
564
568
576
583
588
592
598
605
612
620
628
635
642
647
654
666
674
681
684
686
689
699
704
713
721
728
737
742
747
752
764
777
780
787
794
802
805
811
815
818
822
830
837
840
851
859
864
875
878
883
893
899
908
911
923
930
939
943
953
960
965
972
978
984
992
1001
1007
1014
1019
1025
1036
1040
1043
1049
1054
1062
1066
1072
1077
1081
1084
1093
1097
1102
1110
1118
1127
1130
1141
1149
1152
1157
1160
1166
1171
1177
1183
1187
1190
1194
1204
1209
1213
1217
1224
1228
1233
1241
1248
1255
1263
1270
1273
1280
1286
1288
1291
1299
1307
1314
1324
1332
1334
