0
11
17
23
33
42
52
59
68
77
84
94
104
107
113
121
127
132
145
164
176
181
186
191
196
206
209
215
221
230
242
258
262
272
277
287
295
300
312
321
333
342
348
351
359
364
368
376
390
395
403
408
414
422
428
436
443
448
452
460
471
475
481
489
498
503
506
514
522
529
537
548
553
557
568
578
585
594
603
615
620
630
635
639
644
651
657
662
673
679
686
695
701
707
716
722
729
735
737
743
749
761
769
774
776
780
784
787
793
799
807
813
827
835
847
851
855
862
866
872
878
885
891
897
909
918
931
935
942
948
956
963
974
984
989
997
1010
1022
1028
1035
1045
1056
1063
1074
1089
1092
1098
1109
1116
1122
1130
1141
1152
1159
1169
1177
1181
1194
1200
1208
1213
1224
1236
1242
1250
1253
1257
1261
1271
1277
1278
1288
1299
1303
1307
1313
1320
1326
1331
1338
1345
1348
1356
1366
1372
1378
1382
1387
1391
1397
1402
1404
1409
1412
1419
1428
1434
1438
1443
1448
1464
1467
1476
1483
1488
