0
13
17
21
31
38
48
52
56
66
70
77
86
97
102
110
115
122
128
137
143
147
152
164
170
179
191
196
199
210
215
222
226
231
236
240
247
257
263
271
276
287
290
294
297
300
303
313
319
343
349
355
362
373
377
380
387
391
398
404
413
417
428
435
440
443
449
457
462
467
473
479
484
489
493
498
503
508
511
517
522
527
536
543
551
553
556
569
580
592
596
610
616
620
626
630
648
655
668
672
677
682
684
688
691
696
700
705
710
722
725
729
731
735
741
748
758
762
770
780
781
783
785
793
798
800
813
815
821
832
836
842
850
867
873
882
886
890
897
900
904
907
913
924
928
933
