0
15
24
29
39
51
61
71
75
78
83
85
93
96
106
109
116
132
137
175
180
191
198
214
225
235
246
251
257
265
272
274
278
286
289
298
305
314
317
324
326
335
344
349
360
373
391
401
410
417
427
431
440
451
457
463
469
478
483
491
496
505
513
520
531
535
540
553
564
569
579
587
597
600
603
607
614
618
629
635
644
651
657
660
666
673
679
687
695
703
716
725
733
739
748
758
766
778
782
802
810
816
825
828
841
848
857
866
878
889
900
908
912
920
927
930
945
957
964
978
986
999
1012
1019
1029
1041
1046
1050
1056
1064
1067
1077
1088
1100
1110
1119
1123
1129
1138
1147
1156
1164
1175
1180
1186
1193
1199
1209
1210
1215
