0
3
10
14
21
30
34
44
56
64
76
79
87
95
109
122
127
132
138
142
145
147
151
153
165
169
172
177
184
188
192
199
204
207
209
214
223
242
247
252
255
267
274
277
287
289
294
300
303
305
314
321
327
331
335
338
350
363
365
369
378
381
394
406
412
421
423
428
434
436
444
451
458
465
469
475
477
488
496
508
517
523
528
537
545
557
565
568
572
581
590
595
604
608
621
627
633
639
645
650
656
666
669
674
681
685
688
693
699
703
709
716
723
729
737
746
751
757
760
768
771
786
788
792
803
810
819
827
833
841
848
858
861
869
875
884
890
898
903
908
913
922
926
930
935
939
945
951
954
960
967
973
976
982
992
994
1000
1008
1011
1021
1025
1035
1039
1047
1051
1057
1068
1081
1088
1097
1106
1112
1114
1117
1128
1136
1141
1153
1156
1162
1170
1181
1189
1201
1204
