0
17
34
51
63
67
72
90
97
106
114
132
140
151
161
167
176
184
192
201
210
218
231
238
242
254
257
260
274
280
284
291
301
310
314
318
325
333
342
344
361
375
385
393
395
397
401
403
407
410
411
422
424
426
432
437
439
445
448
450
455
461
466
474
476
480
482
488
490
495
509
512
519
521
526
528
533
536
540
542
546
554
562
565
568
575
581
587
594
605
618
622
630
634
641
645
651
656
663
669
673
679
684
693
695
702
710
716
722
727
731
735
740
747
748
755
759
766
776
781
787
800
805
816
821
825
831
843
850
859
867
870
880
886
896
903
908
914
919
924
927
932
941
943
947
959
967
969
972
977
981
987
991
998
1001
1008
1014
1019
1032
1038
1045
1048
1053
1058
1067
1070
1075
1082
1085
1096
1101
1109
1112
1122
1134
1137
1141
1145
1151
1156
1160
1166
1172
1178
1182
1188
1190
1200
1208
1212
1221
1229
1233
1240
1252
1262
1268
1272
1282
1287
1293
1298
1302
1309
1314
1328
1335
1339
1351
1355
1358
1370
1374
1386
1392
1404
1408
1415
1422
1428
1433
1437
1448
1456
1460
1468
1475
1490
1498
1503
1504
1519
1532
1534
1538
1542
1549
1555
1558
1564
1575
1583
1591
1596
1603
1612
1620
1625
1631
1634
1639
1645
1649
1659
1670
1677
1687
1696
1703
1706
1712
1718
1726
1732
1735
1749
1754
1761
1765
1778
1782
1784
1791
1792
1798
1802
1805
1813
1818
1823
1831
1837
1842
1849
1854
1859
1864
1870
1873
1879
1883
1889
1893
1907
1912
1922
1924
1930
1934
1942
1948
1959
1969
1979
1990
1994
1998
2012
2016
2022
2025
2031
2037
2043
2051
2056
2059
2071
2076
2082
2089
2097
2103
2111
2119
2125
2127
2132
2145
2153
2161
2170
2180
2187
2197
2205
2209
2212
2218
2227
2231
2240
2247
2254
2258
2264
2268
2273
2282
2287
2294
2298
2300
2307
2313
2319
2326
2333
2349
2355
2357
2359
2369
2373
2377
2388
2395
2402
2408
2425
2438
2446
2461
2466
2474
2479
2488
2490
2498
2507
2508
2512
2518
2532
2537
2547
2551
2557
2567
2569
2576
2581
2591
2594
2603
2608
2616
2621
2627
2637
2646
2652
2656
2661
2670
2674
2683
2690
2694
2702
2717
2723
2727
2735
2738
2744
2750
2757
2769
2777
2782
2785
2794
2804
2809
2821
2831
2846
2853
2861
2865
2873
2877
2886
2897
2902
2908
2917
2923
2930
2944
2949
2959
2971
2981
2987
2993
3004
3009
3018
3022
3028
3039
3044
3047
3051
3058
3063
3071
3079
3088
3095
3100
3107
3112
3117
3124
3134
3145
3150
3155
3159
3167
3172
3178
3183
3190
3197
3204
3210
3220
3227
3232
3236
3243
3248
3255
3260
3265
3280
3291
3292
3297
3302
3314
3319
3327
3330
3337
3340
3346
3348
3350
3355
3361
3366
3370
3377
3382
3390
3395
3401
3414
3424
3438
3443
3451
3458
3467
3472
3480
3488
3495
3502
3507
3514
3518
3525
3531
3542
3551
3557
3565
3572
3578
3583
3586
3595
3601
3607
3609
3622
3627
3631
3637
3641
3645
3650
3653
3657
3659
3664
3675
3677
3682
3698
3710
3723
3726
3731
3737
3744
3750
3760
3768
3777
3783
3789
3794
3803
3809
3821
3826
3833
3836
3840
3848
3856
3858
3869
3874
3881
3888
3893
3899
3903
3914
3924
3932
3943
3952
3959
3963
3968
3979
3982
3990
4003
4021
4040
4052
4058
4063
4072
4074
4082
4088
4093
4103
4107
4115
4120
4126
4132
4142
4147
4151
4162
4165
4175
4182
4187
4190
4196
4203
4217
4220
4225
4231
4234
4236
4238
4239
4243
4255
4269
4270
4276
4285
4299
4310
4315
4316
4325
4329
4337
4345
4347
4350
4356
4367
4375
4379
4388
4400
4405
4414
4421
4423
4430
4433
4439
4447
4454
4456
4465
4469
4474
4482
4487
4496
4503
4509
4514
4520
4524
4530
4537
4542
4548
4555
4565
4571
4577
4582
4587
4590
4593
4599
4604
4608
4614
4619
4621
4630
4636
4641
4646
4649
4654
4656
4662
4670
4676
4684
4690
4699
4714
4718
4725
4732
4735
4744
4747
4752
4755
4763
4769
4775
4784
4788
4795
4801
4806
4808
4814
4818
4822
4833
4842
4849
4855
4857
4860
4867
4871
4875
4879
4888
4896
4909
4915
4921
4923
4927
4934
4938
4951
4958
4960
4966
4971
4974
4982
4996
5002
5005
5007
5011
5013
5021
5145
5147
5150
5155
5163
5167
5172
5185
5192
5201
5205
5209
5215
5223
5225
5232
5236
5241
5243
5246
5253
5254
5255
5257
5259
5262
5266
5269
5275
5280
5281
5283
5285
5288
5289
5290
5296
5301
5305
5308
5309
5322
5325
5328
5333
5334
5338
5341
5349
5355
5357
5365
5367
5381
5386
5400
5422
5427
5434
5449
5460
5465
5471
5482
5489
5497
5507
5510
5514
5520
5525
5529
5531
5535
5539
5544
5549
5553
5557
5562
5568
5572
5577
5582
5588
5589
5590
5593
5596
5599
5601
5603
5607
5612
5618
5623
5631
5634
5637
5642
5648
5656
5662
5670
5678
5687
5694
5701
5707
5718
5725
5727
5733
5737
5742
5747
5754
5762
5778
5788
5790
5793
5803
5810
5819
5827
5841
5852
5857
5863
5870
5876
5880
5892
5895
5899
5904
5911
5921
5928
5935
5946
5959
5961
5980
5990
5999
6008
6015
6018
6023
6025
6033
6047
6064
6074
6079
6094
6098
6104
6118
6132
6140
6149
6152
6160
6168
6172
6174
6181
6187
6191
6201
6209
6216
6223
6231
6235
6241
6246
6249
6253
6256
6263
6268
6277
6288
6296
6300
6311
6328
6331
6332
6335
6338
6353
6360
6364
6374
6382
6388
6402
6406
6418
6427
6434
6438
6451
6469
6487
6501
6519
