0
3
10
12
15
19
28
34
38
44
47
50
54
61
67
74
80
89
104
109
120
129
136
144
151
155
162
177
184
191
195
206
213
227
247
250
256
261
265
272
281
296
301
307
311
331
337
340
351
358
366
374
385
388
395
403
414
424
438
447
455
465
470
480
487
493
500
505
517
529
542
555
575
585
591
598
610
619
626
634
643
650
660
673
679
687
700
707
711
723
732
737
743
751
756
764
773
777
784
792
798
799
806
813
826
830
842
846
848
858
865
871
882
894
905
918
932
943
954
960
970
979
997
1013
1019
1026
1030
1044
1061
1075
1081
1088
1096
1110
1112
1118
1127
1131
1137
1144
1155
1160
1167
1173
1184
1199
1208
1214
1220
1232
1245
1258
1262
1263
1271
1277
1286
1306
1312
1317
1332
1348
1357
1364
1378
1379
1386
1392
1397
1408
1423
1428
1432
1440
1449
1456
1462
1471
1483
1497
1507
1518
1522
1525
1529
1536
1543
1550
1557
1570
1575
1583
1597
1610
1618
1627
1634
1643
1654
1664
1669
1671
1673
1679
1682
1688
1694
1701
1705
1710
1716
1719
1727
1737
1743
1750
1757
1763
1774
1781
1786
1790
1797
1801
1812
1816
1822
1826
1832
1840
1849
1853
1859
1867
1874
1881
1887
1898
1916
1923
1935
1941
1945
1949
1959
1969
1973
1981
1988
1990
1997
2005
2009
2016
2018
