1
14
18
21
25
36
41
47
54
63
69
76
82
84
89
94
101
113
116
128
137
144
150
153
157
163
166
170
175
184
195
203
209
214
220
227
233
237
241
244
250
257
263
271
274
281
289
295
302
306
309
318
328
332
340
347
350
358
362
369
374
379
384
395
402
406
409
417
419
424
434
442
446
452
464
472
477
486
495
505
512
520
526
534
541
547
554
556
564
568
572
575
586
601
603
608
614
618
624
636
644
656
659
666
673
679
684
692
696
701
707
710
718
723
727
730
737
744
750
756
762
767
773
780
786
793
801
808
815
821
827
833
836
841
844
850
857
862
868
873
878
884
889
898
909
917
923
934
