0
3
9
13
24
31
48
54
62
71
80
88
97
104
109
114
119
123
126
135
142
147
149
157
174
180
189
198
202
208
211
218
222
226
235
241
249
254
261
264
267
273
279
283
289
296
307
315
320
323
327
337
345
347
353
355
364
368
377
383
389
392
400
404
408
418
421
426
433
443
451
453
455
463
471
483
489
495
501
506
511
515
520
524
533
540
547
554
564
573
586
598
614
620
624
631
643
650
656
665
670
680
683
689
697
706
712
720
730
731
734
741
748
751
754
759
764
778
782
790
796
804
806
807
813
819
821
827
833
843
851
858
869
879
886
893
902
908
915
921
928
938
947
952
957
962
967
975
976
981
989
991
997
1007
1014
1020
1025
1033
1046
1059
1064
1066
