0
4
9
13
23
36
39
49
52
55
61
65
68
73
77
81
87
96
103
108
110
112
113
114
115
117
119
120
121
122
125
127
131
135
138
140
143
145
147
149
154
161
165
170
176
177
181
183
194
203
207
209
211
217
223
234
236
240
243
244
246
247
250
251
254
257
259
262
268
274
277
282
284
290
293
301
307
312
317
324
326
332
342
347
352
357
362
370
376
378
388
391
400
403
409
418
422
430
433
440
443
451
452
458
464
468
471
473
480
488
499
505
510
515
525
529
534
540
545
547
554
556
564
569
578
581
588
591
596
605
606
615
621
624
625
630
633
637
642
648
656
658
665
668
678
683
687
694
699
702
708
713
719
723
727
736
742
749
757
760
764
767
774
782
786
787
789
797
803
826
829
834
835
838
844
854
861
869
877
884
890
894
896
898
900
902
906
909
911
913
915
921
928
929
931
940
947
951
954
961
964
971
973
977
981
983
987
994
997
998
1003
1008
1013
1015
1018
1025
1027
1028
1029
1030
1032
1033
1035
1043
1047
