1
14
23
36
40
48
53
60
69
77
83
88
92
96
98
101
106
115
122
133
142
150
158
162
165
174
178
185
190
195
202
206
211
217
224
227
235
243
246
254
260
265
273
280
289
292
299
305
311
316
323
330
340
346
355
360
370
379
384
392
398
401
403
406
412
416
419
422
424
429
437
448
454
462
469
471
477
482
488
494
498
502
506
514
525
536
544
550
557
564
569
573
580
585
593
602
613
617
621
626
628
630
632
634
639
643
650
655
662
666
678
686
690
693
697
701
707
710
717
719
724
726
731
734
736
739
742
746
748
751
752
758
762
764
766
773
775
779
784
792
799
804
809
816
824
831
836
840
844
846
849
853
855
863
866
873
880
884
886
