0
3
9
13
16
23
32
38
45
52
60
67
77
83
88
97
104
112
117
122
125
126
132
138
147
154
159
163
168
172
177
183
191
195
211
219
223
226
232
242
249
253
260
268
272
279
289
292
299
304
310
315
324
326
331
337
342
347
358
363
371
376
383
393
402
404
409
413
419
423
429
431
442
446
451
456
459
466
471
478
485
493
498
505
511
517
532
539
544
547
550
556
559
565
568
575
581
588
601
610
621
626
632
641
648
654
660
668
675
685
692
698
704
711
714
717
726
733
738
742
749
752
761
768
779
785
790
801
806
814
818
825
829
834
845
849
859
866
877
889
901
908
916
920
926
932
936
942
947
954
962
969
974
978
981
987
992
1001
1004
1008
1012
1023
1026
1034
1039
1042
1051
1059
1063
1068
1074
1077
1081
1085
1090
1101
1108
1118
1126
1128
1131
1136
1140
1143
1147
1152
1157
1165
1172
1174
1181
1185
1199
1201
1204
1209
1215
1220
1228
1232
1237
1242
1246
1256
1261
1265
1270
1273
1277
1283
1290
1294
1298
1302
1308
1312
1324
1330
1334
1343
1351
1358
1365
1373
1381
1388
1393
1401
1410
1419
1427
1437
1443
1455
1458
1464
1475
1481
1490
1496
1501
1506
1507
1512
1519
1532
1534
1536
1548
1563
1574
1585
1593
1600
1605
1611
1624
1627
1635
1647
1665
1673
1678
1683
1691
1698
1706
1720
1728
1733
1737
1744
1750
1755
1761
1772
1778
1791
1803
1814
1821
1827
1833
1841
1846
1853
1862
1865
1872
1878
1885
1891
1895
1901
1906
1912
1918
1923
1930
1935
1944
1949
1959
1970
1980
1983
1989
1996
2000
2007
2019
2027
2036
2046
2049
2052
2058
2062
2071
2074
2085
2089
2090
2098
2104
2112
2124
2132
2139
2144
2150
2157
2165
2175
2179
2184
2195
2203
2209
2216
2223
2225
2232
2236
2245
2251
2262
2267
2275
2281
2284
2292
2302
2311
2314
2323
2326
2332
2338
2343
2346
2350
2354
2363
2367
2380
2388
2399
2407
2412
2424
2430
2439
2446
2450
2454
2462
2467
2469
2477
2483
2494
2500
2508
2518
2531
2537
2540
2546
2550
2556
2563
2567
2573
2577
2585
2593
2600
2603
2609
2619
2625
2633
2642
2648
2658
2669
2675
2679
2683
2688
2694
2702
2708
2715
2719
2728
2737
2744
2747
2755
2767
2774
2780
2790
2796
2801
2807
2812
2816
2822
2827
2844
2847
