0
3
10
14
23
30
36
43
52
62
69
75
90
98
105
116
121
130
136
145
149
154
160
169
180
185
196
203
212
217
221
228
235
246
256
262
269
276
282
288
296
307
310
316
328
333
340
346
351
355
362
372
382
390
409
413
419
428
436
442
449
453
459
469
481
488
497
501
510
515
522
530
535
541
547
555
561
565
570
576
583
588
596
602
610
618
625
629
636
644
651
660
665
674
679
685
692
700
705
710
718
726
735
748
751
756
764
769
776
779
785
790
797
802
808
815
822
831
843
848
856
860
864
871
880
885
889
900
905
916
921
926
936
942
951
956
964
974
978
983
993
1000
1007
1014
1022
1036
1044
1048
1059
1062
1068
1076
1082
1090
1103
1106
1113
1120
1126
1133
1141
1153
1162
1166
1175
1178
1189
1197
1203
1211
1217
1221
1226
1231
1236
1242
1251
1259
1265
1278
1288
1295
1303
1311
1316
1320
1329
1335
1337
