0
12
16
22
29
43
51
55
60
67
72
77
88
101
108
119
124
131
139
148
162
167
175
181
186
192
197
207
214
222
226
230
238
244
252
255
260
263
275
278
295
298
304
311
318
323
329
336
341
346
349
356
362
367
373
378
382
390
397
405
413
430
438
442
454
461
466
469
474
479
483
488
492
497
504
509
519
526
533
545
550
555
561
567
571
577
582
588
594
602
609
615
620
624
629
635
641
649
655
660
666
671
678
685
690
698
705
712
718
724
729
736
742
750
770
778
784
789
793
799
806
810
814
821
825
831
837
843
850
854
857
865
874
878
882
888
892
898
903
909
915
924
929
933
940
945
951
956
965
972
978
984
989
999
1003
1012
1016
1024
1029
1038
1043
1048
1054
1057
1062
1068
1071
1088
1098
