0
9
15
27
37
49
57
64
70
74
78
82
86
89
99
107
114
118
126
132
135
142
149
158
166
173
176
180
183
187
195
205
212
221
225
233
239
244
247
252
259
263
265
272
278
282
289
297
301
305
310
317
326
333
344
348
356
365
373
386
394
405
413
422
430
437
443
451
453
465
471
479
484
492
499
503
510
518
524
536
545
554
569
574
576
581
586
588
594
598
602
606
611
617
624
635
644
655
660
667
673
680
695
710
719
724
731
736
747
753
760
765
772
780
782
788
799
807
813
822
831
843
862
866
874
878
889
893
899
903
906
909
912
917
926
932
941
944
956
963
970
976
982
987
1000
1009
1016
1019
1029
