0
2
9
12
13
17
28
31
34
37
40
44
51
58
63
70
76
84
97
103
111
116
120
127
135
142
156
161
173
179
187
190
204
216
219
234
246
248
257
266
273
283
285
288
295
303
314
317
329
336
340
351
354
357
361
371
377
382
389
396
404
408
422
423
429
432
435
440
458
460
467
475
491
496
500
506
521
525
532
542
555
559
561
572
584
589
602
604
605
610
620
623
627
631
636
644
653
655
660
672
681
687
691
696
702
704
709
717
730
736
739
745
754
765
775
783
789
794
803
814
818
821
825
832
841
849
853
859
869
877
887
893
905
912
921
926
936
940
950
958
963
973
978
986
990
999
1004
1016
1020
1024
1032
1041
1046
1051
1059
1069
1077
1085
1091
1097
1106
1118
1123
1129
1133
1137
1145
1153
1160
1168
1173
1186
1194
1196
1199
1207
1214
1219
1222
1232
1239
1242
1246
1249
1251
1253
