1
12
15
20
28
33
41
49
60
70
74
81
88
92
95
100
104
112
119
128
134
140
144
154
162
167
179
195
204
211
227
237
243
253
259
269
282
292
297
304
320
324
334
339
350
355
367
372
376
384
390
397
401
407
410
414
419
432
440
450
459
467
477
482
491
501
511
517
524
530
535
542
545
563
568
577
580
588
593
602
609
623
627
634
648
652
658
667
676
683
692
700
706
718
724
734
744
756
762
769
773
781
785
791
796
803
809
816
822
838
845
852
864
871
881
889
893
900
905
913
919
929
937
945
950
958
963
972
978
986
991
999
1009
1014
1024
1034
1041
1045
1050
1056
1064
1071
1080
1084
1090
1096
1100
1109
1120
1130
1145
1153
1161
1168
1175
1180
1188
1196
1201
1209
1215
1219
1226
1230
1233
1238
1244
1260
1268
1272
1277
1280
1289
1298
1305
1310
1317
1328
1334
1341
1348
1353
1364
1372
1376
1381
1390
1397
1403
1411
1419
1427
1432
1434
1439
