0
9
12
16
25
31
37
44
56
62
68
72
81
92
98
105
111
117
121
127
134
140
147
152
161
170
176
182
190
202
212
217
224
229
237
241
249
254
263
267
272
279
282
287
291
298
303
309
315
317
325
330
337
345
353
363
370
378
387
393
403
407
418
430
433
441
448
458
466
473
481
486
498
506
510
516
522
530
540
553
558
566
571
577
585
591
599
604
607
609
613
619
622
632
636
640
650
655
658
662
668
676
681
687
695
701
710
716
724
733
738
743
752
758
763
772
778
786
793
797
806
808
813
818
825
832
840
849
860
866
873
886
890
895
906
913
923
927
934
940
947
953
959
964
976
984
990
995
1001
1012
1017
1032
1044
1050
1051
1055
1061
1070
1079
1085
1093
1096
1102
1113
1119
1132
1138
1149
1161
1165
1169
1172
1177
1187
1195
1198
1201
1205
1214
1224
1237
1243
1248
1252
1259
1267
1272
1279
1285
1289
1295
1303
1313
1321
1328
1335
1341
1347
1350
1354
1358
1364
1368
1380
1385
1393
1403
1406
1414
1420
1426
1433
1436
1441
1449
1459
1468
1481
1486
1492
1499
1507
1512
1521
1532
1542
1558
1566
1573
1580
1586
1590
1596
1600
1606
1614
1619
1627
1635
1641
1645
1654
1661
1670
1680
1688
1693
1696
1702
1708
1715
1724
1729
1735
1740
1744
1753
1763
1774
1779
