0
4
8
11
12
16
24
35
38
45
52
58
77
88
94
96
105
109
118
120
122
128
133
138
142
147
151
156
163
170
175
184
188
193
200
205
210
215
230
237
243
249
252
256
262
267
272
276
284
290
295
301
305
311
313
319
328
331
334
348
354
356
361
368
376
382
387
393
397
402
406
413
416
419
424
427
435
436
440
450
458
466
475
478
482
491
500
506
511
516
523
533
541
549
563
578
590
599
604
609
612
616
621
627
638
641
645
654
661
665
672
681
689
696
702
713
724
728
735
738
741
748
756
763
769
774
778
782
791
797
802
810
816
826
834
840
842
850
855
859
863
874
880
887
891
896
903
912
919
922
925
932
936
942
945
949
953
961
969
981
987
997
1003
1012
1027
1033
1037
1042
1043
1049
1061
1065
1069
1079
1081
