0
3
9
13
16
29
38
44
51
57
67
74
77
93
101
113
121
132
140
151
155
189
204
212
218
224
232
235
242
247
253
268
276
284
294
303
308
320
327
336
341
346
356
362
376
384
392
398
404
410
418
427
433
445
452
456
468
473
485
499
504
514
521
529
536
548
556
559
567
579
587
604
610
621
623
631
638
643
653
665
675
681
688
700
713
718
723
730
736
749
755
763
776
788
800
812
822
830
840
845
853
857
866
871
876
882
890
897
904
914
933
937
945
955
969
983
988
997
1006
1014
1023
1028
1034
1040
1053
1062
1070
1074
1083
1089
1095
1103
1112
1119
1132
1143
1157
1167
1171
1179
1185
1194
1202
1210
1220
1229
1236
1242
1248
1254
1260
1269
1276
1280
1285
1291
1297
1303
1310
1321
1327
1329
1333
1337
1350
1360
1372
1377
1387
1394
1402
1407
1417
1428
1436
1445
1449
1457
