0
9
14
19
28
33
39
46
54
57
66
71
75
81
89
93
100
105
113
121
128
135
142
145
152
157
162
165
168
173
179
184
196
212
214
221
230
234
242
244
256
264
271
280
286
288
294
302
308
319
327
333
339
341
349
352
360
373
381
392
396
401
408
414
417
427
434
441
448
452
455
462
468
471
472
475
484
491
499
502
508
510
518
525
532
535
541
554
561
563
567
572
573
578
580
583
588
597
602
608
616
623
636
638
645
654
662
670
675
685
687
697
702
711
715
720
723
730
749
759
764
768
771
777
787
796
800
805
812
823
832
837
