1
21
29
34
42
55
62
70
79
89
97
105
116
125
130
137
148
154
159
165
174
185
191
199
209
216
223
227
234
241
252
260
266
270
277
289
296
302
311
323
331
341
348
355
363
367
374
380
386
392
401
412
418
427
432
437
443
460
465
477
478
481
486
488
495
498
509
515
524
527
537
547
555
567
576
583
596
603
607
616
619
627
633
641
642
648
657
660
666
674
686
690
693
703
710
720
730
735
742
747
762
768
773
779
783
787
791
797
801
814
821
825
827
833
841
846
852
860
865
871
873
881
883
891
897
901
905
912
918
922
927
931
936
941
951
953
957
969
975
981
987
993
998
1004
1009
1016
1021
1031
1037
1042
1047
