0
9
13
19
34
49
56
62
72
81
89
96
101
111
120
132
140
146
156
162
166
171
183
188
198
204
210
222
236
243
250
256
262
272
280
286
300
308
313
320
326
337
349
354
358
369
375
385
399
416
420
428
433
441
447
453
461
468
481
488
496
501
511
517
520
528
533
542
552
563
571
583
594
603
608
614
622
627
635
642
647
650
656
659
672
678
685
699
706
718
729
742
750
759
776
780
785
791
798
804
818
828
835
842
850
858
866
877
884
893
903
913
918
926
930
939
948
957
964
970
979
990
996
1006
1017
1021
1029
1038
1050
1061
1071
1080
1086
1093
1101
1114
1122
1131
1141
1150
1153
1163
1175
1184
1188
1209
1217
1224
1232
1241
1247
1258
1263
1273
1280
1299
1302
