0
9
13
15
18
22
25
30
36
42
45
49
55
65
75
90
93
96
101
106
108
114
116
119
126
128
137
145
153
158
165
174
182
184
189
196
200
205
209
216
220
224
230
232
238
242
245
248
253
260
266
270
276
281
287
293
298
305
316
319
321
328
334
343
348
350
356
361
367
374
379
385
392
402
405
414
419
425
433
443
448
454
457
461
463
466
468
474
483
485
490
492
494
497
504
513
515
520
523
534
538
543
555
566
570
576
588
596
599
604
613
624
627
630
638
649
655
660
665
672
676
687
694
701
709
713
720
722
728
729
734
738
742
743
755
761
764
770
777
783
788
793
798
803
817
818
820
823
832
836
840
848
854
867
868
875
884
894
904
916
927
936
942
947
952
963
967
974
976
978
983
996
1007
1020
1025
1033
1040
1043
1053
1060
1068
1074
1083
1090
1097
1107
1111
1116
1128
1133
1143
1155
1160
1165
1167
1171
1177
1180
1184
1190
1203
1205
1215
1225
1228
1237
1244
1252
1257
1263
1266
1274
1282
1292
1301
1310
1313
1325
1330
1335
1350
1357
1368
1372
1383
1385
1392
1396
1401
1405
1411
1417
1429
1442
1447
1455
1467
1472
1479
1482
1489
1494
1495
1497
1499
1505
1508
1512
1517
1525
1529
1534
1541
1548
1550
1552
1557
1562
1568
1572
1579
1582
1588
1593
1601
1603
