0
5
9
12
17
24
28
35
44
55
58
61
63
68
77
86
90
98
104
109
117
124
129
137
141
147
155
165
171
179
189
195
209
218
220
225
231
239
242
245
249
259
264
270
278
287
295
302
309
314
319
327
333
338
345
347
357
366
373
382
399
409
416
423
431
440
443
449
456
464
470
486
496
507
518
523
534
542
548
561
572
578
584
587
601
612
624
631
636
639
645
651
657
663
671
680
691
698
701
713
725
730
741
749
758
766
771
782
784
801
806
814
821
823
826
832
841
843
851
860
867
875
884
888
898
906
913
919
923
931
939
948
959
969
981
988
997
1002
1011
1023
1034
1043
1052
1066
1075
1085
1091
1100
1106
1109
1121
1128
1137
1146
1158
1165
1172
1176
1179
1185
1192
1198
1209
1216
1228
1236
1241
1250
1256
1266
1271
1275
1284
1291
1297
1302
1306
1312
1318
1328
1341
1350
1358
1367
1374
1379
1386
1394
1403
1413
1418
1426
1430
1435
1440
1449
1456
1460
1467
1471
1480
1485
1495
1501
1512
1518
1523
1528
1535
1545
1549
1556
1561
1567
1575
1583
1593
1601
1608
1612
1616
1625
1633
1637
1640
1646
1652
1657
1662
1668
1676
1682
1686
1690
1699
1702
1710
1714
1719
1725
1734
1742
1746
1753
1758
1765
1767
1769
1776
1780
1784
