0
5
9
15
20
25
36
46
55
60
64
70
83
88
96
104
114
119
132
141
148
154
160
168
174
179
183
193
200
202
208
214
223
225
235
238
242
245
254
263
269
280
287
296
302
307
314
319
328
335
341
349
357
362
378
386
395
405
411
418
420
422
427
430
438
446
455
465
470
479
488
499
506
520
526
531
538
541
544
548
559
563
567
571
579
582
587
592
602
609
615
622
627
632
640
649
653
659
665
669
671
673
675
680
689
693
701
706
713
718
725
729
738
743
748
756
766
776
782
790
794
799
813
824
829
840
843
852
858
868
875
884
890
894
897
901
908
916
924
935
941
951
955
964
968
973
981
986
992
999
1017
1025
1031
1041
1043
1046
1050
1054
1062
1069
1076
1083
1087
1095
1100
1108
1113
1119
1128
1134
1140
1142
1147
1155
1157
1159
1162
1166
1173
1174
1179
1186
1191
1202
1208
1213
1217
1226
1230
1234
1236
1241
1250
1252
1256
1260
1266
1273
1281
1286
1290
1294
1301
1305
1310
1312
1323
1327
1331
1338
1343
1351
1359
1366
1372
1378
1385
1391
1394
1397
1402
1412
1419
1426
1429
1439
1449
1455
1457
1464
1469
1473
1482
1488
1498
1506
1509
1514
1523
1529
1539
1550
1555
1563
1574
1579
1587
1592
1598
1605
1613
1620
1622
1627
1635
1638
1641
1651
1656
1667
1673
1678
1685
1689
1700
1706
1712
1715
1727
1730
1742
1751
1758
1765
1773
1780
1788
1791
1796
1801
1807
1809
1817
1824
1827
1834
1842
1850
1855
1860
1869
1877
1883
1894
1898
1907
1913
1920
1924
1930
1938
1945
1960
1966
1971
1977
1982
1986
1989
1993
1996
1999
2006
2011
2016
2017
2022
2026
2029
2035
2041
2051
2058
2066
2071
2079
2083
2086
2091
2095
2101
2106
2110
2115
2118
2121
2125
2132
2139
2145
2153
2157
2162
2168
2178
2184
2191
2200
2209
2212
2217
2228
2231
2233
2243
2250
2257
2262
2267
2270
2274
2277
2283
2287
2292
2296
2305
2310
2315
2320
2327
2331
2334
2339
2343
2349
2356
2360
2366
2370
2375
2379
2384
2393
2397
2404
2407
