0
11
16
29
36
42
48
61
70
74
86
89
97
102
107
115
118
130
136
140
145
149
157
162
168
173
183
190
197
204
209
213
219
224
229
237
243
250
255
261
268
273
280
287
295
302
318
326
330
335
343
351
354
360
366
370
378
382
388
392
397
402
417
423
429
434
438
449
462
471
479
485
492
499
506
513
519
523
532
534
536
539
544
548
552
559
565
568
578
583
595
604
614
625
631
640
646
652
658
661
665
669
688
697
703
705
708
712
717
719
725
727
730
735
743
748
755
763
767
777
781
788
793
800
806
814
821
826
835
843
850
854
860
865
868
880
893
898
914
922
933
939
950
959
968
975
980
982
995
999
1003
1007
1016
1021
1030
1037
1039
1041
1049
1054
1062
1065
1070
1075
1078
1087
1091
1097
1108
1116
1118
1127
1135
1148
1153
1157
1163
1172
1175
1177
1188
1196
1201
1209
1212
1214
1217
1220
1224
1229
1235
1240
1247
1251
1259
1265
1274
1281
1287
1296
1311
1315
1330
1335
1341
1350
1353
1361
1371
1379
1388
1391
1401
1407
1414
1418
1432
1443
1446
1458
1464
1472
1480
1488
1502
1517
1523
1537
1549
1550
1552
1565
1568
1577
1579
1585
1586
