1
9
13
17
22
28
35
41
47
54
59
66
78
80
84
91
98
105
112
120
123
129
135
141
147
158
162
169
176
184
194
197
202
213
223
226
234
240
248
253
262
269
275
279
284
289
295
302
307
312
318
323
329
335
340
342
346
353
358
362
367
383
387
393
397
401
409
413
416
420
422
426
432
442
448
455
461
466
473
477
484
490
496
502
512
516
521
526
535
540
548
553
557
562
566
572
583
586
593
600
605
612
618
626
631
641
642
645
651
656
662
667
672
679
686
696
700
706
713
718
722
729
736
741
749
756
760
766
771
777
788
789
792
803
807
815
820
825
832
837
844
849
851
856
861
866
873
875
885
893
898
904
913
922
932
942
952
959
964
974
978
982
987
990
996
1007
1020
1028
1036
1041
1050
1057
1068
1075
1083
1088
1097
1104
1109
1121
1128
1135
1139
1147
1152
1158
1163
1168
1172
1177
1182
1191
1196
1203
1210
1216
1223
1227
1236
1240
1251
1255
1260
1268
1273
1282
1291
1298
1309
1318
1326
1331
1337
1342
1343
