0
5
9
20
30
40
57
62
68
75
80
84
96
105
114
117
122
140
145
149
154
155
163
167
183
187
191
194
202
206
212
216
222
234
239
251
255
262
274
283
293
298
311
320
326
335
347
362
369
376
385
392
398
401
406
412
418
425
435
441
447
452
467
478
488
503
512
523
526
537
546
556
571
581
586
594
598
605
614
632
634
639
659
666
677
683
687
691
695
710
723
729
738
772
792
800
814
825
839
852
860
867
870
874
882
888
892
902
908
912
916
924
934
940
945
950
955
969
982
988
996
1001
1012
1020
1031
1040
1044
1049
1062
1070
1075
1080
1086
1090
1094
1098
1100
1108
1113
1122
1128
1136
1142
1164
1175
1182
1188
1201
1209
1215
1227
1237
1243
1246
1251
1259
1264
1277
1284
1290
1301
1312
1317
1323
1330
1340
1346
1353
1360
1362
1370
1372
1382
1395
1399
1404
1409
1417
1423
1429
1430
1435
1441
1443
1450
1459
1461
1464
1471
1477
1485
1489
1495
1502
1504
1505
1518
1524
1540
1556
1560
1565
1572
1583
1591
1595
1609
1619
1634
1644
1646
1659
1679
1699
1708
1713
1715
