0
5
9
12
15
21
27
37
45
51
58
71
73
75
76
81
85
86
94
97
102
107
112
114
115
117
125
134
141
147
149
151
158
161
164
166
171
173
176
182
188
202
210
219
230
238
246
259
264
268
270
272
274
278
285
293
298
302
306
310
317
322
326
336
343
352
359
361
365
372
375
382
389
392
397
405
411
419
424
438
447
452
463
467
471
476
486
488
495
500
511
516
519
531
537
540
544
548
553
559
560
567
570
578
584
594
599
604
607
613
617
625
633
636
639
648
658
661
672
681
688
695
700
708
709
719
727
736
745
749
756
760
769
775
782
795
800
803
809
811
813
818
825
827
835
840
844
851
855
857
859
864
872
874
879
884
889
893
899
905
908
912
914
