0
5
9
13
17
20
28
39
50
59
63
88
99
105
114
122
127
133
145
154
157
161
165
168
173
181
185
190
197
204
211
216
221
223
229
235
237
245
253
260
263
268
275
281
285
292
301
309
314
321
329
334
339
350
355
367
372
375
380
386
390
401
406
410
416
429
436
442
451
463
472
478
484
485
495
501
508
518
523
528
540
544
552
560
567
572
576
584
587
589
591
595
598
601
605
611
614
623
627
631
641
648
654
659
663
668
673
678
685
691
696
703
713
719
725
734
743
748
756
763
767
776
791
800
805
816
824
832
839
841
847
848
851
856
862
867
870
875
882
889
896
903
909
924
926
933
945
950
954
958
961
968
977
984
989
997
1005
1012
1017
1020
1027
1032
1041
1046
1054
1066
1082
1102
1107
1118
1124
1130
1136
1148
1155
1167
1171
1176
1188
1203
1230
1237
1244
1252
1261
1269
1276
1285
1289
1294
1302
1315
1318
1321
1329
1341
1347
1354
1363
1370
1373
1384
1395
1404
1410
1420
1425
1428
1436
1441
1448
1454
1460
1471
1478
1484
1495
1502
1508
1518
1525
1534
1542
1550
1558
1566
1574
1580
1587
1592
1598
1609
1615
1617
1621
1631
1637
1653
1664
1674
1677
1692
1696
1707
1714
1721
1728
1736
1743
1748
1755
1763
1766
1769
1773
1775
1777
1779
1785
1794
1798
1809
1817
1824
1833
1838
1840
1846
1855
1869
1875
1884
1889
1896
1901
1910
1912
1917
1921
1930
1941
1944
1947
1953
1959
1965
1974
1980
1985
1996
2001
2014
2025
2031
2039
2041
2052
2055
2059
2065
2070
2084
2089
2093
2102
2116
2128
2138
2144
2152
2156
2162
2166
2174
2187
