0
5
9
14
22
26
34
44
57
64
69
70
76
90
95
97
103
111
124
132
137
144
154
163
169
176
186
194
199
203
216
227
236
243
260
267
272
279
282
287
288
299
302
308
310
319
325
330
339
344
356
364
379
382
389
394
402
407
414
417
421
428
436
439
446
453
461
469
472
478
483
490
495
498
517
524
525
527
532
537
546
551
556
568
579
591
593
602
611
616
624
632
639
652
663
666
676
679
688
694
701
706
712
726
733
738
743
769
774
779
786
792
803
807
820
828
831
838
847
857
866
868
878
882
906
919
934
937
941
943
945
952
957
960
966
974
981
986
992
997
1006
1009
1012
1019
1028
1055
1063
1072
1092
1097
1107
1112
1116
1124
1131
1137
1143
1149
1156
1162
1168
1174
1181
1190
1195
1204
1214
1224
1233
1241
1252
1269
1280
1286
1296
1303
1305
1311
1315
1322
1326
1332
1340
1345
1352
1359
1368
1379
1384
1389
1407
1414
1422
1427
1439
1448
1456
1464
1470
1477
1480
1484
1486
1487
1495
1510
1521
1528
1529
