0
5
9
15
17
30
37
42
58
65
71
76
82
86
89
92
98
107
112
115
123
128
136
145
153
158
162
168
178
187
191
195
202
210
213
216
222
230
236
240
248
253
256
263
270
274
282
287
298
304
307
316
321
329
338
346
351
356
366
370
378
389
397
406
411
416
420
422
429
434
436
443
449
458
463
469
480
486
501
509
523
535
553
565
568
575
578
586
598
606
619
624
635
638
646
652
661
670
677
689
696
703
706
711
716
724
738
754
761
764
774
782
792
802
812
822
832
837
842
847
854
866
873
880
889
900
904
919
933
943
956
960
970
974
986
992
998
1000
1004
