2
15
22
29
35
42
50
53
60
63
66
68
70
73
79
84
90
96
105
116
126
131
136
143
153
161
172
182
194
201
209
213
221
224
235
242
250
257
267
272
280
284
293
303
308
320
326
335
342
346
348
355
364
377
383
387
392
398
404
413
420
430
436
443
447
452
457
467
474
480
490
498
504
518
521
533
539
550
559
567
571
584
592
610
623
631
641
651
659
669
683
689
700
711
718
727
733
746
751
756
765
775
778
782
789
796
803
807
814
820
826
833
840
847
855
863
868
873
881
886
894
902
905
912
919
926
934
942
956
965
971
980
991
997
1007
1012
1017
1028
1033
1044
1048
1054
1064
1072
1077
1082
1090
1098
1111
1117
1127
1135
1143
1154
1158
1167
1178
1191
1202
1210
1219
1228
1233
1244
1253
1257
1265
1270
1277
1284
1287
1294
1303
1321
1331
1339
1346
1355
1362
1372
1376
1383
1387
1396
1405
1412
1418
1422
1435
1448
1457
1459
