0
9
10
13
15
21
29
35
41
45
54
68
75
82
88
94
99
104
108
113
115
119
127
133
136
145
151
157
164
167
172
178
180
184
192
195
200
208
216
224
230
234
238
241
244
248
252
258
265
268
273
278
281
285
289
295
302
305
309
312
316
321
328
333
338
343
346
351
354
360
365
370
373
382
386
392
401
408
410
415
419
424
430
433
436
438
442
445
449
455
462
465
472
476
482
487
493
497
503
509
512
514
519
526
533
550
568
572
574
578
590
598
604
609
614
617
623
626
631
637
641
650
657
663
666
671
675
683
687
698
704
713
720
725
729
734
738
753
758
767
775
782
786
790
795
800
807
812
820
824
829
831
835
837
839
844
850
855
860
862
866
871
875
882
886
899
904
908
