2
11
16
22
27
32
42
48
52
56
65
69
74
80
86
94
99
105
115
122
128
134
135
140
147
151
157
161
167
171
178
180
185
192
197
199
204
209
213
219
224
230
236
241
246
249
255
259
264
272
276
282
286
289
296
303
312
318
327
330
337
344
350
355
360
362
367
370
374
377
381
390
397
402
408
411
421
427
431
437
439
447
452
455
458
463
466
474
477
487
492
497
504
510
514
519
526
537
539
544
550
554
559
565
571
577
586
591
599
605
610
615
616
624
628
636
645
654
659
667
673
676
681
685
688
692
697
706
712
717
724
727
731
735
744
748
752
762
771
777
785
792
796
801
811
815
820
825
827
834
844
849
853
857
861
865
873
883
891
897
907
918
928
936
946
949
958
967
973
980
982
992
1005
1014
1020
1027
1031
1034
1038
1042
1044
1058
1063
1066
1072
1080
1083
1091
1094
1097
1099
1101
1108
1112
1117
1120
1127
1130
1133
1137
1142
1149
1155
1163
1172
1177
1185
1191
1195
1199
1204
1208
1210
1216
1222
1232
1241
1250
1255
1263
1274
1277
1284
1286
1295
1304
1313
1320
1325
1329
1333
1336
1339
1344
1353
1363
1371
1381
1387
1398
1405
1414
1425
1428
1434
1439
1443
1454
1458
1462
