1
9
13
19
30
34
43
49
54
60
68
75
83
89
93
97
102
111
116
123
129
133
138
143
149
155
159
166
175
179
184
187
197
201
207
220
224
230
236
240
245
250
254
260
266
271
274
283
291
298
306
312
318
324
330
339
345
354
359
364
370
374
381
389
394
401
406
414
426
430
433
437
438
442
448
453
464
473
479
486
493
499
506
511
517
520
523
530
536
541
549
555
559
566
573
580
589
593
603
607
611
618
627
637
640
650
654
657
664
668
675
681
689
698
705
713
722
727
732
739
747
754
763
772
776
783
788
791
799
806
808
814
821
828
831
836
841
848
854
861
865
871
877
884
895
898
908
911
916
921
925
928
939
947
955
965
969
982
990
995
1000
1009
1018
1024
1029
1037
1043
1050
1054
1063
1070
1077
1079
1085
1088
1097
1104
1111
1117
1122
1123
1125
1135
1140
1148
1153
1161
1168
1180
1185
1197
1202
1210
1216
1223
1228
1233
1238
1246
1248
1256
1260
1267
1273
1285
1287
1291
1294
1297
1304
1315
1326
1330
1332
1336
1345
1351
1359
1366
1374
1384
1392
1397
1402
1407
1408
1412
1416
1423
1435
1444
1454
1457
1463
1473
1475
1481
1488
1495
1505
1508
1517
1523
1528
1544
1548
1559
1567
1578
1588
1593
1597
1606
1612
1617
1627
1633
1645
1662
1664
1666
