2
12
21
34
43
53
59
70
76
81
91
98
103
112
116
125
129
134
139
141
148
152
156
161
169
180
184
191
203
208
216
219
223
237
247
253
262
267
273
277
284
292
295
302
309
315
320
323
331
337
343
351
357
363
367
380
387
392
398
402
407
409
418
423
431
441
446
453
462
471
475
478
479
484
490
495
500
503
510
516
523
530
533
535
540
546
551
556
564
567
574
576
579
582
587
593
598
603
607
609
617
622
627
632
641
644
647
653
660
669
673
676
681
684
696
702
708
712
719
725
729
736
740
750
754
759
763
768
774
780
782
792
796
806
810
815
817
823
826
832
838
840
851
858
867
873
876
881
882
