0
5
9
11
17
28
35
44
47
56
63
66
76
85
90
100
108
111
114
121
131
140
145
149
155
160
162
166
173
188
192
202
208
214
227
237
241
252
257
267
275
278
286
296
302
309
313
314
323
329
339
345
354
365
370
379
387
396
400
404
410
417
425
427
434
444
453
458
468
476
483
491
499
507
514
521
524
529
530
535
540
550
561
571
577
581
590
593
597
602
608
613
621
626
635
645
651
661
663
669
671
682
688
694
702
711
719
727
735
741
748
751
758
764
767
770
775
783
791
801
810
816
823
836
845
858
871
878
887
893
902
914
918
922
928
937
943
950
956
962
969
975
983
992
1000
1008
1016
1019
1021
