0
5
9
11
16
30
33
44
51
64
69
75
83
90
97
101
104
110
118
124
128
137
149
159
166
171
174
176
181
187
195
202
212
220
226
231
238
242
247
254
267
270
276
282
287
296
302
307
313
325
329
339
345
350
359
368
379
385
389
394
401
409
418
423
429
434
441
446
451
455
465
472
478
483
489
495
500
504
509
511
518
528
535
541
551
561
564
566
576
587
595
603
607
617
625
633
640
643
649
658
668
671
677
681
688
694
699
708
712
715
723
729
739
747
751
753
757
765
774
778
783
791
800
809
820
828
832
838
847
858
863
870
877
885
890
901
910
915
923
928
933
939
945
952
959
965
972
978
985
988
