0
5
13
18
25
34
37
45
58
64
71
79
83
89
92
101
104
113
117
120
125
132
138
144
148
151
157
161
164
172
174
178
182
188
194
198
206
207
212
219
227
232
235
243
252
256
267
274
279
286
294
307
315
322
326
333
340
344
349
353
357
364
370
375
381
384
391
400
402
412
425
428
430
433
439
445
448
453
459
468
471
479
483
492
499
503
513
522
523
531
536
543
557
568
576
584
602
608
614
622
628
636
645
657
661
669
672
676
684
692
699
706
714
728
734
742
748
759
770
773
781
787
792
798
805
813
821
827
828
835
843
846
852
854
857
863
868
877
884
900
905
913
918
930
935
945
960
968
974
983
992
1000
1010
1024
1034
1046
1052
1060
1068
1080
1087
1095
1099
1109
1114
1119
1124
1131
1139
1144
1148
1153
1162
1169
1175
1179
1185
1192
1197
1203
1210
1217
1228
1238
1246
1254
1261
1265
1268
1270
1278
1282
1287
1294
1305
1309
1314
1318
1319
1322
