0
5
9
10
17
21
27
31
37
42
50
65
71
83
90
94
97
101
105
115
119
126
131
137
147
156
161
168
177
186
191
198
202
205
211
217
221
225
232
241
244
249
254
255
260
263
270
272
275
280
286
290
297
302
308
315
324
328
334
341
353
362
368
371
375
378
381
384
391
393
398
403
411
420
424
428
431
437
445
447
449
460
465
475
481
486
491
505
513
515
518
521
528
530
535
545
550
553
555
562
566
572
576
582
587
590
594
606
613
618
624
633
637
644
648
651
660
668
675
680
685
697
702
707
710
715
721
725
729
732
738
742
748
758
764
770
775
779
785
794
798
802
803
808
819
821
822
828
831
841
844
