0
5
9
14
17
24
32
34
37
42
54
59
66
75
81
88
100
106
111
119
121
126
129
131
139
141
147
150
157
158
163
167
173
179
184
193
197
204
207
217
225
230
237
243
251
261
267
275
280
287
292
296
304
310
316
324
332
340
342
345
353
356
367
376
387
397
402
406
411
418
428
435
438
445
455
465
475
483
495
498
507
512
518
524
534
542
551
558
565
571
579
585
598
605
615
625
642
648
655
666
673
679
684
690
694
701
708
715
720
726
731
737
748
754
759
769
776
783
792
802
811
816
824
832
837
840
848
854
864
872
875
880
897
900
905
912
917
927
938
943
948
956
966
973
980
986
995
1004
1011
1013
1023
1027
1032
1033
1035
1038
1051
1064
1068
1075
1080
1084
1090
1101
1106
1113
1116
1121
1124
1134
1138
1145
1151
1159
1163
1170
1174
1179
1189
1195
1201
1208
1217
1227
1231
1243
1252
1265
1269
1279
1285
1291
1300
1309
1311
1323
1331
1337
1343
1355
1358
1367
1374
1387
1397
1401
1415
1419
1424
1429
1434
1440
1447
1456
1463
1469
1475
1481
1495
1505
1518
1534
1545
1551
1558
1570
1581
1589
1603
1610
1617
1626
1634
1639
1644
1651
1659
1671
1676
1678
1683
1687
1692
1697
1701
1702
1706
1709
1712
1714
1720
1723
1727
1733
1736
1743
1747
1751
1753
1758
1761
1765
1771
1780
1783
1788
1795
1799
1804
1806
1812
1817
1820
1825
1836
1842
1849
1853
1857
1864
1870
1874
1879
1886
1890
1892
1898
1903
1907
1914
1921
1923
1935
1940
1945
1953
1957
1966
1976
1983
1986
1989
1998
2001
2004
2007
2012
2020
2024
2027
2034
2042
2056
2063
2071
2074
2079
2085
2089
2092
2100
2104
2109
2113
2118
2122
2126
2130
2133
2139
2144
2148
2152
2156
2161
2166
2173
2176
2180
2185
2191
2195
2201
2209
2212
2215
2223
2227
2235
2240
2246
2249
2259
2266
2268
2276
2281
2289
2296
2303
2306
2311
2316
2324
2328
2336
2345
2352
2356
2361
2367
2374
2382
2393
2401
2406
2410
