2
15
23
35
45
53
56
71
78
85
88
93
101
105
111
118
127
134
140
146
152
160
166
174
181
191
198
205
210
220
223
241
247
260
271
276
280
290
297
306
312
316
321
328
333
342
357
360
370
377
381
387
395
398
403
408
414
421
429
438
451
456
476
482
494
500
506
529
533
539
546
552
561
569
575
580
585
594
601
606
612
620
626
631
639
644
651
660
664
670
677
684
690
699
714
719
723
731
740
746
751
754
760
770
782
799
826
833
838
844
849
852
856
863
882
891
896
900
907
911
916
923
928
932
939
949
957
966
971
976
981
990
997
1014
1017
1023
1034
1041
1054
1062
1068
1078
1087
1095
1105
1114
1118
1128
1133
1139
1143
1148
1154
1163
1168
1173
1180
1185
1190
1194
1196
1197
1202
1208
1213
1219
1224
1231
1238
1243
1250
1258
1267
1271
1277
1281
1286
1294
1299
1305
1310
1319
1325
1334
1344
1351
1359
1370
1378
1384
1393
1397
1402
1405
1409
1416
1421
1425
1429
1435
1443
1448
1453
1457
1466
1474
1476
1483
1488
1495
1501
1507
1511
1519
1527
1534
1543
1548
1555
1563
1568
1575
1578
1589
1596
1604
1612
1615
1621
1628
1631
1639
1644
1655
1658
1664
1669
1677
1685
1695
1698
1701
1716
1721
1729
1733
1742
1749
1754
1760
1771
1782
1785
1791
1800
1807
1816
1821
1829
1841
1849
1855
1862
1867
1874
1882
1892
1896
1906
1915
1920
1926
1934
1943
1949
1956
1968
1975
1984
1988
2000
2005
2010
2020
2026
2029
2038
2042
2056
2065
2073
2077
2085
2098
2105
2117
2124
2136
2143
2155
2164
2168
2176
2184
2196
2209
2214
2222
2224
2233
2245
2255
2264
2269
2281
2283
2284
2290
2299
2301
2312
2317
2324
2328
2335
2345
2352
2363
2371
2383
2386
