0
5
9
12
17
20
27
34
42
52
60
67
75
78
83
89
93
99
104
113
120
126
129
137
142
149
157
164
167
175
183
185
189
200
206
212
221
230
235
239
248
259
266
270
276
281
289
302
305
316
325
333
336
339
352
360
365
375
386
403
406
409
417
422
431
438
444
448
452
455
460
471
475
489
497
504
507
516
528
537
543
549
556
569
574
580
591
606
616
623
628
633
639
648
654
664
674
681
690
694
701
711
717
723
727
730
744
750
761
762
766
776
781
789
792
801
805
809
815
823
829
851
858
861
872
877
883
886
896
903
916
923
938
943
950
954
962
967
972
982
992
997
1004
1012
1018
1023
1028
1032
1037
1048
1051
1059
1076
1085
1088
1094
1105
1108
1113
1120
1141
1148
1156
1159
1163
1167
1180
1188
1199
1206
1214
1225
1232
1239
1243
1246
1263
1271
1274
1278
1288
1296
1300
1301
