2
13
20
30
35
39
43
52
55
65
75
82
93
97
104
111
116
126
137
144
158
163
168
172
182
186
189
197
203
214
234
237
241
252
261
267
273
275
287
293
298
305
313
323
328
330
335
345
353
365
372
383
390
393
399
403
411
414
419
428
437
440
450
456
462
476
484
489
501
505
519
530
540
542
551
561
566
579
588
593
602
607
613
619
643
646
651
655
664
671
680
684
690
705
708
725
730
740
749
760
764
768
775
778
789
800
810
814
820
839
842
854
858
867
869
873
879
892
902
908
911
919
924
927
934
940
944
950
961
967
969
