0
9
11
17
21
26
32
37
40
45
51
59
67
76
87
94
99
102
111
118
128
139
149
159
164
172
179
190
198
208
211
215
222
231
234
236
243
246
248
250
253
255
258
261
268
273
278
289
296
298
303
307
311
322
334
343
347
351
360
363
366
372
383
390
393
397
403
408
415
425
427
432
438
444
454
459
468
475
480
484
492
497
509
520
531
543
556
562
563
570
575
583
593
602
608
618
630
633
641
649
657
668
678
686
698
704
714
720
726
737
744
759
770
773
782
792
800
807
816
827
833
841
844
852
862
868
873
876
880
893
903
916
920
924
926
932
943
948
952
959
969
978
980
984
990
991
994
998
1010
1018
1022
1026
1034
1036
1042
1045
1048
1051
1053
1056
1062
1067
1072
1074
1076
1077
1078
1082
1086
1093
1107
1112
1119
1125
1133
1142
1145
1150
1160
1166
1174
1183
1190
1197
1204
1212
1218
1222
1231
1242
1246
1251
1257
1268
1274
1282
1286
1291
1296
1303
1311
1320
1330
1337
1346
1353
1361
1367
1368
1378
1388
1395
1407
1416
1425
1435
1441
1447
1457
1465
1476
1479
1485
1487
1493
1504
1508
1513
1518
1524
1537
1543
1549
1559
1563
1572
1577
1583
1588
1593
1600
1610
1620
1631
1638
1644
1647
1650
1654
1656
1661
1668
1673
1677
1685
1690
1702
1704
1706
1709
1715
1720
1731
1739
1748
1755
1761
1768
1775
1782
1792
1799
1811
1817
1832
1837
1844
1850
1855
1863
1871
1880
1889
1895
1899
1901
1912
1914
1918
1922
1927
1933
1940
1951
1955
1960
1962
1965
1973
1979
1985
1991
1999
2008
2012
2015
2024
2031
2039
