1
8
9
18
20
29
35
41
53
73
79
97
109
124
126
129
134
143
153
166
179
183
186
189
195
197
202
213
217
232
235
255
261
266
279
282
291
297
304
319
333
349
350
353
363
367
381
386
388
390
393
396
409
415
418
420
424
432
437
439
442
450
464
467
468
483
493
495
498
510
526
532
544
549
560
564
574
578
584
594
596
601
618
661
663
678
682
685
687
697
701
711
714
737
740
747
753
755
763
779
785
788
791
794
801
806
808
812
816
820
832
838
841
855
857
859
866
869
899
902
926
930
931
944
945
951
978
980
983
986
987
992
999
1015
1021
1035
1046
1049
1053
1057
1060
1064
1078
1086
1089
1093
1107
1119
1131
1136
1143
1147
1151
1154
1157
1160
1166
1171
1184
1187
1191
1192
1194
1202
1211
1225
1228
1233
1246
1248
1252
1253
1254
1262
1274
1276
1288
1299
1310
1319
1328
1330
1331
1335
1348
1362
1374
1376
1379
1386
1397
1400
1408
1417
1428
1437
1442
1460
1467
1469
1471
1490
1492
1500
1505
1521
1527
1530
1548
1562
1564
1566
1568
1573
1576
1577
1582
1593
1602
1606
1613
1614
1628
1633
1635
1638
1642
1645
1651
1660
1668
1675
1698
1714
1735
1738
1739
1741
1744
1757
