2
12
17
24
29
35
47
56
65
69
76
87
91
97
106
114
121
128
134
137
141
146
150
153
159
163
173
180
187
198
210
217
222
227
232
238
242
252
260
264
272
281
292
303
312
320
332
338
346
355
365
370
377
384
389
395
404
410
412
420
425
434
441
447
452
457
462
465
468
472
479
482
487
494
499
505
512
519
532
542
549
554
565
578
583
590
596
601
604
608
613
627
634
643
653
661
670
680
689
696
704
720
723
731
742
748
758
765
771
780
799
805
812
824
837
852
860
868
878
887
893
904
910
913
919
925
929
934
943
949
960
968
978
988
1000
1004
1012
1018
1023
1029
1037
1044
1061
1070
1080
1091
1100
1108
1114
1119
1124
1129
1135
1142
1157
1162
1168
1172
1182
1186
1194
1207
1212
1223
1231
1243
1253
1260
1265
1273
1276
1285
1294
1301
1306
1314
1322
1326
1330
1338
1341
1350
1356
1365
1374
1382
1388
1392
1408
1416
1424
1437
1454
1465
1472
1481
1485
1495
1499
1507
1523
1527
1534
1541
1548
1556
1569
1578
1591
1594
1599
1606
1613
1623
1628
1636
1645
1654
1660
1663
1671
1675
1689
1693
1697
1702
1707
1709
1713
1720
1727
1734
1742
1750
1756
1763
1773
1785
1795
1803
1814
1821
1831
1839
1850
1855
1859
1875
1885
1895
1902
1905
