0
5
9
12
19
24
27
33
36
38
41
43
45
49
55
59
69
75
81
86
99
103
106
113
120
125
130
133
137
146
151
154
159
162
169
174
176
185
189
193
199
204
211
216
225
232
240
252
256
262
268
276
282
285
289
293
301
311
317
323
327
332
342
346
353
358
366
375
391
396
403
410
421
428
437
442
450
457
466
471
476
483
489
498
506
511
519
522
527
530
535
539
544
550
557
562
564
571
581
583
592
594
601
607
612
619
633
639
647
655
662
670
673
679
691
694
703
712
720
724
729
735
748
752
760
761
768
772
778
781
794
800
804
809
812
815
820
825
833
843
846
854
859
867
873
880
882
885
890
895
901
904
915
919
924
934
937
940
947
949
