0
5
9
14
18
24
32
38
48
50
57
63
70
78
84
88
90
92
97
104
109
113
122
127
134
138
145
152
159
164
169
178
186
192
198
202
214
218
222
227
234
237
241
246
251
260
271
278
286
291
298
304
311
326
334
339
341
347
358
362
369
379
388
395
402
414
425
429
441
454
461
468
476
486
493
499
507
515
526
532
541
552
560
565
577
586
591
601
609
616
624
635
639
650
661
670
679
687
689
692
699
702
705
707
711
712
713
715
717
725
728
731
732
738
739
749
752
755
756
758
762
766
769
772
781
788
789
792
795
798
800
803
805
816
826
830
834
835
838
841
848
851
854
857
863
867
871
875
878
882
888
892
897
900
901
905
907
909
912
913
919
924
925
927
932
935
938
943
947
953
955
959
964
968
969
971
982
985
989
990
1024
1029
1032
1037
1043
1049
1058
1066
1073
1078
1083
1090
1091
