2
9
17
30
35
43
45
53
60
67
77
85
91
95
107
114
117
131
137
142
145
149
154
161
166
173
176
186
195
211
219
224
229
233
239
243
249
259
267
272
280
285
299
310
313
321
323
329
331
336
341
344
350
356
359
364
376
382
395
399
407
420
431
436
444
447
457
463
471
478
487
495
502
513
521
522
525
528
533
539
543
546
553
554
558
570
582
591
601
608
617
625
631
638
644
659
664
682
687
692
694
700
703
708
717
728
732
740
746
749
761
763
768
773
778
782
793
795
798
804
810
816
825
832
836
844
851
854
863
870
881
886
897
900
906
909
912
922
926
934
939
944
950
958
973
978
985
