0
5
9
14
28
30
34
45
48
58
67
76
81
87
93
99
109
114
120
125
132
138
145
151
160
163
170
179
185
190
197
207
210
233
242
245
251
255
263
271
278
285
295
300
303
308
312
321
327
329
331
338
343
349
355
372
376
381
386
391
400
407
418
424
433
441
451
455
469
473
478
482
489
495
501
512
517
521
528
538
547
557
560
566
575
584
592
599
608
613
619
625
636
642
652
661
665
671
680
689
696
704
713
723
731
738
746
752
758
762
771
776
783
793
798
808
812
822
827
836
845
850
855
856
858
861
866
871
876
881
885
890
897
902
913
916
921
928
930
933
942
950
956
960
968
972
979
983
990
999
1006
1008
1017
1019
1026
1033
1036
1054
1055
1061
1067
1068
1076
1103
1114
1121
1132
1139
1145
1154
1162
1169
1174
1181
1187
1192
1199
1207
1212
1217
1220
1228
1235
1243
1250
1256
1262
1268
1270
1272
1283
1290
1299
1306
1317
1325
1332
1336
1355
1362
1371
1380
1387
1393
1400
1411
1416
1428
1434
1441
1447
1457
1465
1468
1478
1488
1495
1502
1511
1523
1535
1542
1545
1555
1563
1567
1576
1581
