0
12
17
21
27
39
53
59
69
74
79
82
93
101
108
116
120
126
131
139
150
155
164
169
176
185
190
194
202
209
214
224
231
238
247
258
273
280
285
290
298
308
314
321
326
335
340
344
353
361
368
379
385
395
404
411
421
428
430
432
438
442
453
462
471
474
480
489
497
505
510
521
526
534
544
555
563
575
583
586
592
596
601
605
609
611
616
621
628
641
652
663
676
688
691
694
699
703
706
713
722
727
734
741
742
751
758
767
769
779
784
791
796
804
812
814
829
834
838
844
855
861
870
878
886
894
900
904
910
915
919
930
938
942
944
953
960
963
969
977
986
999
1008
1016
1028
1036
1045
1050
1060
1064
1070
1076
1085
1089
1099
1107
1115
1126
1136
1146
1153
1162
1170
1175
1180
1184
1191
1196
1206
1217
1223
1228
1236
1240
1244
1248
1252
1261
1263
1271
1275
1281
1290
1295
1306
1318
1323
1334
1345
1354
1357
1365
1373
1376
1386
1392
1402
1414
1421
1432
1439
1444
1448
1456
1466
1473
1482
1485
1492
1497
1513
1522
1526
1531
1537
1541
1553
1558
1564
1569
1571
1576
1581
1588
1594
1602
