0
9
11
17
31
39
48
57
62
68
76
81
86
88
94
99
107
115
123
126
134
138
150
161
164
174
180
188
196
204
218
229
241
249
256
262
272
277
285
289
298
301
310
317
322
330
338
348
357
362
367
373
378
384
389
395
401
407
415
419
424
439
442
447
457
463
467
469
474
487
496
505
515
524
529
536
544
555
561
565
574
580
582
587
596
604
609
616
621
628
636
639
644
647
651
656
660
669
680
692
701
705
710
717
722
727
730
739
750
772
779
786
794
799
804
810
817
826
830
835
836
843
847
855
858
863
869
872
876
882
889
898
905
907
918
923
929
935
944
950
958
963
974
982
989
997
1010
1014
1020
1030
1038
1043
1049
1055
1066
1080
1085
1093
1099
1110
1115
1130
1135
1143
1154
1160
1167
1173
1181
1185
1194
1203
1211
1222
1229
1233
1239
1243
1250
1258
1269
1277
1285
1288
1295
1303
1314
1323
1327
1336
1343
1346
