0
5
9
10
12
14
18
23
26
30
34
39
43
45
49
53
57
60
64
66
69
74
76
79
82
91
96
99
102
106
114
118
124
133
139
144
147
151
154
162
165
168
171
181
188
192
196
205
214
220
241
249
255
268
275
278
282
285
294
302
309
312
320
325
329
330
334
338
342
350
356
364
370
376
382
386
390
398
403
415
423
428
434
440
449
454
458
461
468
474
482
487
491
493
496
506
512
517
520
540
552
562
572
579
595
600
608
613
616
627
636
648
652
658
670
677
683
709
714
720
729
736
739
752
757
761
769
774
780
789
797
806
811
818
819
821
824
828
830
835
845
847
850
857
861
866
869
886
895
905
909
915
922
925
927
929
939
943
948
952
955
961
963
968
981
984
986
998
1002
1006
1010
1017
1024
1028
1038
1044
1051
1055
1069
1082
1092
1095
1101
1106
1116
1125
1138
1148
1161
1169
1182
1188
1191
1203
1214
1221
1231
1238
1242
1266
1270
1278
1283
1290
1302
1313
1322
1333
1336
1339
1342
1348
1355
1368
1373
1375
1378
1386
1392
1402
1405
1413
1420
1430
1436
1440
1445
1450
1454
1458
1464
1472
1475
1482
1494
1501
1503
1522
1532
1539
1542
1549
1553
1560
1567
1575
1577
1583
1592
1597
1603
1608
1615
1625
1627
1632
1638
1644
1656
1662
1674
1677
1682
1685
1691
1699
1707
1711
1718
1725
1735
1742
1752
1755
1761
1770
1782
1790
1796
1805
1808
1812
1823
1828
1831
1839
1845
1853
1861
1865
1872
1876
1881
1886
1893
1900
1905
1908
1915
1922
1926
1945
1948
1953
1959
1964
1967
1970
1972
1976
1987
1990
1994
1999
2007
2019
2026
2030
2040
2043
2059
2071
2081
2090
2096
2108
2114
2119
2131
2140
2156
2165
2173
2179
2184
2189
2195
2202
2208
2216
2221
2226
2238
2243
2249
2254
2259
2273
2278
2291
2296
2301
2309
2315
2318
2322
2328
2336
2346
2352
2357
2364
2367
2371
2373
2375
2378
2380
2385
2387
2391
2394
2397
2399
2403
2407
2414
2420
2432
2435
2441
2448
2450
2459
2474
2481
2486
2492
2502
2505
2509
2512
2520
2533
2538
2545
2549
2551
2558
2564
2573
2579
2588
2594
2599
2605
2612
2636
2644
2654
2662
2671
2678
2686
2688
2692
2696
2700
2708
2713
2719
2725
2733
2743
2758
2762
2769
2774
2779
2782
2788
2793
2807
2815
2821
2824
2828
2832
2836
2842
2846
2849
2854
2856
2857
2860
2866
2872
2875
2880
2888
2890
2895
2897
2910
2928
2932
2936
2949
2955
2958
2972
2979
2982
2986
2996
3016
3030
3035
3039
3058
3066
3074
3083
3087
3094
3098
3103
3111
3125
3133
3140
3143
3146
3154
3158
3161
3165
3169
3174
3177
3180
3183
3187
3191
3196
3200
3203
3205
3207
3217
3218
3228
3238
3241
