0
9
14
23
26
37
50
57
64
73
82
85
93
99
101
105
109
116
126
132
140
146
160
163
173
185
187
193
203
210
222
224
231
235
245
262
267
270
277
292
301
314
321
327
331
336
341
350
354
359
364
370
377
380
386
394
402
412
419
423
430
437
444
447
451
464
473
480
485
490
498
504
508
517
521
529
533
543
554
561
564
567
571
573
578
586
588
593
600
607
614
623
630
643
647
653
658
664
672
681
693
700
707
712
715
721
728
732
745
753
764
771
776
781
793
803
812
818
823
829
837
846
850
860
864
871
876
880
890
896
900
904
911
917
922
933
938
944
946
952
962
968
974
980
985
991
1004
1012
1020
1028
1035
1041
1046
1064
1074
1079
1084
1089
1092
1095
1106
1111
1126
1131
1136
1141
1150
1159
1165
1173
1178
1184
1188
1194
1208
1219
1226
1241
1248
1251
1258
1260
1266
1277
1282
1291
1292
1299
1302
1307
1320
1323
1328
1332
1336
1338
1350
1351
1360
1365
1369
1373
1380
1388
1391
1395
1399
1404
1412
1419
1422
1427
1433
1435
1442
1451
1458
1462
1467
1468
1475
1479
1484
1490
1494
1502
1507
1510
1520
1529
1531
1536
1540
1549
1557
1572
1583
1590
