0
5
9
11
16
21
29
33
41
51
53
62
66
71
78
83
89
99
103
109
117
123
134
142
147
159
163
167
172
180
183
188
192
196
200
207
212
226
236
242
248
253
259
263
268
275
285
287
295
301
306
313
319
325
329
334
336
343
350
359
367
375
380
390
396
403
408
417
422
427
432
441
447
455
459
464
472
482
490
499
504
511
522
530
534
536
541
546
553
570
575
581
585
593
601
609
614
619
624
640
646
657
666
674
685
688
691
701
708
712
720
726
733
746
751
754
760
767
774
781
785
789
814
819
823
827
830
838
844
850
854
862
867
869
875
878
883
887
892
898
903
907
914
916
923
930
933
945
949
956
963
970
974
984
992
998
1003
1009
1014
1024
1035
1043
1055
1064
1072
1078
1093
1101
1108
1114
1120
1124
1134
1141
1145
1153
1166
1171
1174
1180
1188
1197
1212
1215
1216
1220
1229
1234
1242
1248
1257
1263
1266
