2
12
17
25
32
47
51
83
90
98
107
109
111
116
131
139
146
154
160
170
173
186
194
200
208
210
220
225
228
231
237
245
249
260
270
276
284
287
292
297
299
305
318
329
332
339
346
351
354
361
367
383
391
396
409
417
422
430
436
443
448
452
458
461
467
481
487
499
501
511
516
519
522
526
531
534
542
552
560
569
570
575
582
587
596
601
612
617
628
633
638
648
651
659
668
673
681
686
692
708
716
721
730
731
737
743
750
767
773
782
787
797
808
811
817
821
835
840
846
849
860
863
873
880
890
904
915
921
933
941
946
953
959
968
971
976
981
993
1005
1014
1019
1026
1033
1038
1045
1056
1059
