2
11
14
24
31
40
43
52
57
64
75
91
100
108
118
126
129
136
143
152
166
173
176
181
189
197
207
213
220
227
236
244
253
261
269
271
277
280
292
297
303
309
311
314
320
324
329
336
341
346
353
355
361
366
373
378
381
384
389
391
396
399
403
411
418
424
427
430
440
443
446
454
461
469
476
482
491
497
510
516
522
527
531
540
545
548
550
554
560
572
581
589
594
596
606
611
621
626
638
643
647
653
657
661
664
669
673
679
689
695
701
712
714
719
722
729
733
739
742
748
754
759
768
774
784
791
795
800
802
810
815
821
825
827
829
835
840
848
854
860
867
877
879
884
890
894
899
