2
14
19
22
28
47
50
54
58
68
73
77
90
101
113
124
129
137
149
152
162
168
177
179
183
189
196
209
227
231
242
249
257
273
277
289
297
306
313
321
330
340
348
360
364
373
383
393
404
413
420
426
432
443
451
456
461
472
484
500
503
508
515
540
550
559
580
589
595
607
614
623
629
634
641
648
655
672
682
687
691
706
710
719
726
735
741
746
754
760
764
770
782
794
814
821
835
841
845
855
862
868
875
885
892
894
903
909
919
922
931
941
949
957
961
968
972
978
983
994
997
1001
1011
1019
1027
1031
1045
1052
1058
1072
1081
1089
1097
1103
1111
1115
1133
1148
1165
1173
1182
1191
1202
1207
1210
1222
1230
1240
1249
1256
1270
1275
1282
1290
1300
1305
1311
1317
1330
1335
1345
1358
1366
1372
1378
1383
1395
1404
1411
1425
1429
1439
1455
1460
1466
1472
1479
1488
1499
1505
1509
1513
1518
1521
1533
1539
1556
1567
1572
1577
1580
1594
1605
1614
1629
1635
1645
1651
1661
1668
1682
1687
1698
1701
1707
1712
1725
1735
1739
1745
1750
1757
1761
1779
1785
1795
1811
1820
1828
1832
1837
1842
1846
1859
1871
1878
1888
1895
1901
1910
1915
1921
1935
1951
1954
1960
1964
1971
1978
1981
1995
2000
2004
2011
2018
2024
2027
2036
2046
2047
2049
