0
5
9
13
16
20
27
33
40
44
49
58
65
71
79
89
94
106
109
118
122
128
136
139
144
147
153
160
166
173
181
186
190
199
206
213
220
226
241
249
254
265
272
280
284
290
298
308
316
323
332
336
339
348
360
368
376
385
394
400
408
413
419
424
433
442
454
459
465
472
480
483
487
493
501
510
515
523
536
542
547
553
558
566
571
579
583
591
598
606
609
618
629
638
648
654
657
666
677
684
695
702
709
716
729
738
757
765
772
776
784
797
799
811
816
821
828
831
839
847
854
862
873
882
889
896
899
908
915
930
940
944
949
956
965
972
980
986
991
996
1011
1019
1021
1025
1031
1035
1043
1050
1058
1066
1077
1094
1100
1115
1136
1142
1149
1153
1161
1174
1183
1189
1201
1211
1219
1229
1237
1243
1248
1255
1264
1269
1276
1281
1285
1296
1307
1316
1327
1344
1353
1373
1380
1384
1386
1397
1408
1414
1419
1427
1437
1440
1452
1453
