0
14
22
32
39
47
56
61
69
78
82
83
88
97
103
115
119
124
134
146
154
158
161
170
176
187
193
198
205
209
213
219
223
229
234
245
250
253
260
267
270
274
281
284
291
301
303
306
310
312
317
320
323
327
329
333
337
345
349
351
359
363
368
374
376
381
385
389
395
397
402
406
409
413
418
426
430
435
444
450
458
463
471
476
480
486
490
498
504
509
513
518
524
528
532
536
540
548
552
554
557
559
563
566
573
575
578
584
586
590
592
600
608
611
618
626
631
638
649
652
655
658
661
665
671
683
686
689
696
703
709
715
723
729
735
742
746
752
757
760
765
770
773
780
785
794
801
804
812
818
823
827
831
840
849
856
861
869
875
879
881
897
906
910
918
926
932
939
946
953
955
