2
11
13
17
20
28
33
36
45
50
55
58
66
73
81
90
95
99
104
113
118
122
128
137
143
150
159
169
175
181
184
188
192
196
204
208
213
222
230
234
240
246
250
257
262
271
278
283
290
293
303
306
310
314
318
322
329
334
338
348
356
362
367
375
385
391
396
405
413
420
425
434
438
446
450
457
460
465
468
476
481
487
496
506
510
517
524
527
536
545
549
555
564
577
584
588
598
604
611
622
625
633
642
649
652
663
671
678
688
693
699
702
706
719
724
728
732
739
747
753
758
764
772
778
782
788
808
815
820
829
840
844
847
850
857
869
871
884
890
896
902
914
920
925
930
933
944
948
956
962
967
970
973
981
986
992
997
1005
1010
1014
1021
1036
1041
1049
1057
1066
1071
1074
1081
1091
1094
1102
1106
1112
1118
1121
1127
1131
1135
1143
1148
1153
1156
1166
1173
1187
1193
1198
1202
1211
1216
1217
