2
13
17
24
35
44
54
69
75
81
85
89
95
101
108
116
123
130
140
144
146
154
158
161
165
175
185
188
194
198
203
210
223
227
239
243
246
256
264
274
282
285
299
306
321
328
337
345
350
355
362
371
374
385
388
396
417
427
443
451
458
462
465
474
481
495
502
513
522
528
536
543
548
560
575
581
591
598
604
615
617
620
623
627
637
639
645
656
661
670
679
690
692
706
719
729
740
753
758
761
770
773
776
793
803
805
809
814
831
843
849
860
873
886
893
896
902
914
921
926
931
940
944
946
954
962
967
972
975
982
991
1007
1015
1019
1024
1036
1041
1055
1066
1073
1081
1088
1093
1100
1108
1118
1126
1128
1132
1135
1143
1149
1156
1165
1171
1178
1184
1189
1194
1201
1209
1215
1217
1221
1223
