0
5
9
10
13
22
30
43
49
63
71
73
80
87
93
97
102
107
109
114
122
127
133
142
148
164
169
176
183
184
190
196
202
208
209
212
216
222
225
229
240
245
259
266
268
269
272
278
283
288
294
300
302
305
315
321
326
330
336
344
352
357
367
373
383
387
391
394
401
412
417
423
430
437
441
448
455
461
468
477
484
489
501
508
516
528
537
544
551
561
567
575
580
584
589
594
604
615
621
631
637
641
648
652
656
663
671
676
684
691
698
703
712
720
726
736
744
750
753
757
760
765
770
777
782
792
799
806
815
819
823
827
834
838
843
849
856
861
864
869
878
884
891
897
907
913
917
924
928
932
935
943
948
956
964
971
981
989
994
1003
1006
1015
1020
1026
1030
1033
1038
1044
1050
1053
1058
1063
1069
1075
1079
1085
1093
1096
1100
1109
1114
1121
1129
1135
1145
1151
1158
1161
1169
1176
1182
1186
1194
1203
1209
1214
1221
1232
1244
1250
1254
1262
1266
1272
1279
1288
1295
1299
1306
1312
1316
1322
1330
1339
1345
1350
1354
1366
1374
1379
1385
1392
1399
1407
1414
1421
1428
1435
1443
1450
1456
1458
1463
1469
1475
1477
1484
1491
1494
1498
1505
1510
1515
1522
1524
1529
1535
1545
1551
1554
1560
1566
1576
1589
1597
1600
1608
1613
1622
1625
1631
1635
1639
1641
1645
1655
1660
1667
1670
1676
1682
1687
1692
1697
1699
1707
1713
1721
1725
1729
1733
1741
1743
1748
1753
1762
1764
1770
1774
1778
1783
1787
1795
1800
1803
1807
1815
1824
1832
1836
1842
1850
1860
1865
1872
1878
1882
1887
1895
1901
1904
1914
1920
1927
1932
1935
1938
1942
1948
1955
1959
1962
1967
1972
1980
1984
1992
1998
2005
2012
2016
2021
2025
2031
2038
2043
2047
2049
2053
2057
2068
2076
2083
2089
2095
2102
2107
2116
2123
2128
2134
2141
2152
2160
2167
2171
2175
2185
2188
2191
2198
2202
2207
2214
2228
2231
2233
