0
5
9
13
19
27
35
41
47
56
62
66
73
79
86
89
98
100
102
108
109
113
116
118
120
121
126
129
133
135
138
140
143
147
149
152
155
159
163
165
172
181
187
192
196
204
207
212
218
224
229
235
244
250
255
259
265
269
273
276
281
284
291
297
302
309
319
322
325
332
338
342
348
351
352
358
360
371
377
380
383
389
396
399
402
408
413
417
419
427
434
438
442
446
451
452
458
464
476
481
487
497
506
513
520
530
535
543
553
559
564
572
580
581
590
602
607
612
620
627
633
638
650
658
662
678
684
690
693
697
701
712
717
730
732
737
739
742
747
754
761
767
777
785
789
800
807
811
817
823
829
834
836
839
847
853
856
860
865
877
879
882
902
911
917
926
930
939
946
952
959
960
967
970
975
983
990
994
998
1000
1006
1012
1014
1019
1024
1029
1031
1037
1047
1054
1060
1063
1068
1081
1091
1092
1095
1107
1119
1129
1136
1145
1152
1161
1166
1167
1171
1180
1181
1183
1191
1197
1206
1210
1219
1234
1242
1248
1258
1265
1274
1277
1284
1289
1295
1300
1304
1311
1320
1326
1339
1347
1352
1358
1364
1375
1378
1385
1389
1394
1398
1410
1414
1431
1432
1437
1441
1450
1460
1476
1483
1493
1496
1500
1502
