0
5
9
11
24
30
36
47
56
60
62
69
85
89
94
97
104
107
114
119
125
132
138
144
151
156
166
169
176
185
190
194
202
208
214
222
228
231
236
248
254
268
282
289
294
304
308
316
320
323
331
335
343
348
355
365
369
375
389
395
397
404
406
416
421
432
436
445
450
455
467
471
477
484
490
497
503
510
514
521
525
529
539
547
554
559
564
577
586
596
602
607
612
621
630
637
642
649
657
662
671
676
678
688
697
704
713
720
722
724
740
749
762
771
775
795
805
809
814
822
830
838
845
854
860
871
885
898
907
913
919
929
940
945
955
963
974
981
998
1009
1016
1021
1026
1035
1041
1046
1058
1072
1080
1099
1105
1111
1125
1133
1142
1148
1162
1175
1183
1184
