0
9
11
13
15
17
25
31
37
45
50
56
66
69
72
77
84
87
90
92
94
98
101
106
109
113
116
119
121
123
125
127
128
134
138
140
143
145
147
149
153
155
157
158
162
165
167
170
171
174
183
189
195
199
204
208
220
228
232
234
238
240
249
258
267
273
277
282
284
289
296
304
313
318
326
329
338
347
357
367
371
375
379
387
395
405
407
414
419
426
435
445
451
461
473
479
484
491
495
504
511
517
526
531
539
548
552
558
565
578
590
592
601
611
618
629
639
649
659
667
672
680
684
690
698
705
712
717
726
732
739
743
753
758
766
774
782
790
796
800
808
814
823
827
836
845
850
857
866
872
882
884
898
906
915
921
932
938
946
953
955
958
968
973
978
984
986
990
996
1001
1007
1015
1024
1027
1033
1042
1046
1048
1055
1060
1067
1076
1082
1091
1098
1104
1109
1115
1124
1129
1132
1136
1141
1147
1150
