1
9
15
23
39
48
51
55
64
76
86
90
98
106
112
121
131
154
164
174
179
183
191
207
214
218
223
230
250
254
260
270
277
284
290
296
305
313
324
339
350
362
367
375
382
391
409
419
427
440
457
467
478
489
499
511
518
523
534
546
549
558
566
575
583
590
595
612
617
631
645
654
660
672
680
687
699
710
716
723
733
741
767
768
776
782
789
799
811
817
829
841
845
856
859
872
879
888
898
908
917
925
931
940
944
952
964
976
982
985
991
999
1008
1016
1029
1030
1037
1039
1054
1066
1074
1086
1102
1112
1125
1132
1134
1141
1149
1164
1180
1187
1196
1202
1218
1226
1238
1244
1252
1262
1268
1278
1286
1294
1308
1313
1322
1334
1346
1352
1362
1365
1366
1374
