2
12
23
28
39
47
56
66
83
104
112
125
134
140
159
166
171
178
183
190
205
212
220
224
241
248
260
269
275
279
283
299
305
315
325
336
343
352
362
374
383
390
401
413
419
427
442
447
450
458
463
467
481
487
496
501
507
522
527
533
537
546
560
572
577
586
597
609
618
623
634
651
656
672
693
702
716
728
736
740
748
753
758
769
781
790
802
811
816
827
835
842
851
860
866
879
883
888
894
909
923
934
947
950
962
970
972
976
980
986
992
995
1002
1007
1014
1021
1028
1034
1042
1046
1058
1066
1072
1085
1091
1097
1105
1113
1117
1124
1131
1140
1152
1160
1173
1181
1190
1195
1203
1209
1222
1224
1230
1241
1247
1258
1269
1277
1280
1291
1303
1317
1325
1335
1337
1348
1356
1370
1376
1382
1388
1393
1402
1408
1411
1414
1426
1433
1440
1450
1457
1469
1472
1485
1489
