0
5
9
10
14
24
31
38
46
50
52
57
63
67
72
78
86
95
99
103
109
114
118
133
142
154
160
167
172
180
187
191
200
205
208
209
215
223
233
243
254
262
268
275
280
286
298
308
313
317
322
329
335
345
354
358
363
368
376
386
396
402
409
414
420
425
430
436
441
446
453
456
464
472
479
486
492
496
503
508
517
526
535
543
550
560
564
570
577
587
592
597
600
602
607
611
621
624
631
638
641
650
652
660
664
668
672
678
686
696
701
711
718
731
741
749
755
761
770
774
777
781
786
794
798
806
810
816
824
828
831
835
844
857
860
867
874
877
883
889
895
906
916
918
928
942
949
952
955
964
969
973
980
985
992
999
1009
1015
1025
1028
1030
1038
1049
1055
1061
1067
1071
1079
1083
1088
1093
1099
1106
1112
1117
1123
1128
1133
1137
1143
1150
1157
1159
1163
1170
1175
1182
1185
1194
1200
1208
1213
1217
1224
1228
1234
1240
1252
1256
1263
1270
1276
1281
1286
1293
1298
1304
1311
1314
1319
1323
1326
1329
1338
1342
1349
1357
1365
1369
1373
1377
1390
1394
1397
1404
1411
1417
1425
1429
1431
1434
1438
1446
1452
1460
1468
1475
1488
1496
1508
1515
1525
1530
1535
1547
1553
1566
1575
1589
1590
1592
1598
1607
1616
1619
1626
1631
1640
1649
1661
1665
1669
