2
11
18
23
31
38
58
65
68
76
82
91
96
105
110
122
132
141
153
159
164
167
174
176
181
184
192
196
199
210
229
232
241
248
254
267
270
279
286
290
295
305
315
321
326
334
337
344
348
354
361
365
369
377
380
383
392
397
401
406
412
418
423
434
439
442
448
454
457
463
470
477
486
494
498
500
505
510
517
529
534
544
551
558
569
571
572
578
590
595
601
608
614
619
626
635
639
645
651
653
660
669
673
679
688
697
705
711
719
726
734
740
746
748
750
754
761
773
783
787
795
805
812
821
827
831
842
853
857
861
868
875
886
897
903
908
909
915
920
924
927
933
940
951
956
962
970
974
981
994
997
1007
1017
1025
1034
1039
1045
1054
1061
1066
1076
1079
1080
1094
1100
1109
1124
1131
1138
1140
1143
