0
12
18
25
32
38
41
48
55
61
70
79
84
89
96
106
113
120
139
146
151
157
164
178
190
196
201
207
212
216
220
227
234
238
245
249
256
267
270
281
285
288
294
298
302
306
313
314
319
328
336
339
352
355
371
388
396
402
408
411
420
432
435
442
462
469
476
484
490
496
505
509
519
526
540
547
551
555
563
568
578
581
584
590
598
607
609
616
618
625
638
644
656
660
668
674
679
690
696
707
718
723
734
745
754
764
769
778
783
793
801
820
823
837
844
848
858
869
873
879
886
894
906
907
912
922
933
941
949
957
966
973
981
986
994
1005
1013
1033
1046
1050
1057
1061
1066
1076
1084
1092
1108
1120
1124
1136
1144
1151
1166
1172
1176
1181
1199
1211
1220
1225
1236
1246
1257
1266
1271
1281
1290
1302
1313
1324
1330
1339
1349
1357
1366
1369
1372
1381
1397
1402
1409
1422
1430
1439
1448
1460
1470
1483
1499
1505
1518
1526
1538
1546
1560
1572
1580
1588
1598
1602
