0
11
14
20
22
35
44
51
60
65
67
69
74
78
83
89
96
97
99
102
107
110
119
127
134
139
145
154
159
166
168
172
178
186
196
205
212
219
229
234
238
246
251
255
264
267
273
282
286
295
300
306
308
313
316
323
328
335
343
351
359
370
373
378
380
385
396
402
410
413
418
422
440
446
453
458
461
468
472
476
482
490
498
503
506
510
512
517
523
531
538
541
546
551
555
559
561
565
571
578
584
592
595
602
611
617
625
628
634
638
642
646
650
657
660
665
669
676
682
689
692
700
705
713
719
724
732
738
744
749
756
763
774
783
790
796
803
807
810
815
819
824
830
833
840
849
858
865
871
879
882
885
891
895
898
902
905
911
919
925
927
932
939
945
951
956
965
973
981
988
994
999
1005
1008
1013
1020
1027
1034
1039
1045
1052
1061
1068
1075
1079
1084
1087
1093
1099
1106
1109
1113
1117
1126
1132
1139
1142
1144
1148
1154
1158
1163
1168
1175
1182
1185
1190
1195
1198
1203
1209
1215
1219
1224
1231
1234
1242
1250
1255
1258
1262
1266
1273
1275
1279
1284
1293
1295
1300
1307
1312
1317
1324
1326
1329
1334
1338
1342
1347
1350
1356
1360
1368
1371
1375
1381
1388
1393
1402
1407
1411
1416
1423
1425
1428
1432
1436
1440
1443
1448
1453
1457
1463
1465
1470
1478
1484
1489
1493
1500
1504
1508
1513
1517
1522
1527
1531
1538
1542
1544
1548
1551
1558
1562
1566
1571
1575
1578
1582
1586
1591
1594
1599
1602
1608
1613
1618
1624
1627
1631
1636
1637
1641
1646
1650
1653
1655
1657
1660
1668
1672
1676
1678
1683
1687
1691
1694
1697
1705
1709
1717
1721
1725
1730
1738
1742
1746
