0
5
9
16
21
26
36
41
48
58
67
79
90
97
105
116
120
128
134
140
151
159
170
182
188
194
203
208
211
216
221
227
242
244
248
262
265
278
285
287
296
299
309
313
316
326
329
346
352
374
381
387
394
406
416
421
429
435
437
444
448
455
461
476
489
502
507
512
515
520
524
526
536
541
548
553
559
570
576
582
589
595
605
612
620
624
631
635
639
650
653
659
669
674
689
702
710
718
728
734
743
746
757
764
770
775
782
793
804
809
817
820
822
829
833
836
847
855
871
879
885
889
893
900
908
918
935
942
950
960
967
982
987
1001
1006
1009
1011
1020
1026
1031
1036
1040
