3
12
24
37
44
53
57
63
67
80
88
90
93
95
98
101
108
116
121
132
151
154
164
173
177
181
190
202
217
221
230
232
240
245
252
262
270
282
291
295
306
312
316
320
324
333
345
349
356
363
369
376
378
381
385
395
399
406
414
419
423
430
438
448
454
469
474
482
486
489
492
497
509
515
527
531
537
543
547
550
555
560
564
573
578
586
595
606
610
616
622
626
638
644
649
666
670
675
684
696
702
712
718
727
730
734
745
754
755
760
765
772
775
778
780
793
796
807
812
816
824
827
832
837
845
850
854
861
869
877
882
885
891
898
904
912
919
924
930
936
942
945
951
955
958
961
973
976
985
991
995
1005
1009
1014
1021
1027
1037
1045
1050
1053
1058
1061
1067
1072
1080
1084
1090
1097
1102
1108
1110
1111
1116
1121
1125
1127
1135
1143
1149
1153
1162
1166
1176
1184
1194
1200
1206
1217
1226
1234
1241
1249
1254
1262
1272
1281
1285
1294
1302
1310
1315
1320
1325
1330
1340
1348
1354
1362
1364
1374
1377
1382
1388
1393
1401
1411
1418
1422
