2
13
19
27
36
41
45
50
60
66
69
75
82
90
93
98
104
110
119
125
131
136
147
159
165
169
180
183
189
195
199
203
209
215
222
229
235
239
249
254
261
264
271
280
288
293
298
302
305
312
318
326
335
341
348
355
362
368
375
381
382
390
398
403
417
429
434
448
452
456
462
468
474
479
482
489
493
500
514
523
531
544
550
558
569
577
584
590
598
606
611
617
621
627
634
638
643
646
662
670
682
687
698
705
717
727
734
741
746
753
761
767
775
781
790
794
804
810
813
821
826
833
837
840
845
855
861
869
872
875
883
891
896
905
910
916
919
925
932
935
943
955
965
968
973
985
997
1008
1015
1024
1038
1049
1062
1068
1076
1084
1099
1107
1115
1123
1134
1143
1147
1149
1156
1159
1166
1178
1193
1199
1208
1211
1215
1222
1227
1239
1245
1256
1260
