1
9
10
13
19
26
32
37
40
48
61
73
79
87
103
114
125
132
141
146
153
157
163
164
170
175
180
187
190
193
202
210
216
224
230
237
241
250
256
262
272
278
283
287
291
297
304
314
321
337
346
349
351
358
364
373
380
387
395
405
409
423
433
442
451
454
462
465
468
474
479
487
490
498
510
519
521
525
527
533
537
544
546
551
556
566
570
575
579
584
588
593
600
604
609
621
629
638
645
649
654
665
668
672
678
684
692
699
706
710
716
721
725
729
735
739
745
751
758
762
769
776
781
786
791
801
811
816
827
835
848
853
856
858
861
870
875
885
887
888
893
