0
16
23
30
32
39
44
52
61
73
77
89
98
111
117
125
136
141
146
150
154
157
162
168
174
185
194
197
204
210
221
224
229
233
238
246
250
258
261
268
271
275
286
297
305
308
318
322
328
334
345
348
353
366
371
377
381
387
396
406
414
429
435
443
448
455
459
463
469
481
487
495
501
504
509
515
523
533
537
545
551
561
570
581
582
590
596
601
607
612
618
623
628
630
634
638
646
654
660
666
674
681
688
696
702
708
717
722
727
730
739
746
752
757
761
765
768
772
783
793
797
802
805
814
824
828
833
839
847
852
858
864
866
871
875
880
887
891
902
905
910
915
920
927
935
940
947
960
968
973
980
986
996
1006
1010
1015
1023
1028
1031
1041
1049
1056
1062
1068
1074
1085
1090
1098
1102
1108
1116
1124
1132
1139
1152
1163
1173
1183
1186
1191
1202
1213
1226
1234
1240
1245
1253
1258
1265
1267
1274
1282
1286
1291
1299
1307
1311
1318
1322
1326
1336
1350
1356
1363
1369
1380
1387
1392
1398
1404
1414
1422
1431
1440
1451
1457
1466
1472
1483
1498
1505
1512
1521
1529
1539
1547
1555
1563
1571
1577
1582
1592
1597
1600
1604
