0
5
9
14
18
28
35
46
56
67
85
88
96
107
116
122
137
142
153
159
163
168
173
187
192
196
201
208
210
223
231
246
256
267
273
278
282
289
298
304
310
320
331
338
349
358
368
379
393
396
407
413
420
430
442
450
459
471
478
490
500
506
514
517
528
532
543
553
563
569
575
583
588
600
610
617
628
638
652
659
671
684
691
701
709
716
730
740
753
762
770
779
785
791
798
803
815
821
827
838
844
851
857
865
866
868
877
878
886
892
895
900
909
916
919
924
929
935
939
949
953
960
966
973
979
982
990
1002
1008
1015
1020
1028
1038
1045
1052
1058
1062
1072
1076
1083
1092
1098
1107
1117
1124
1126
1135
1143
1149
1154
1166
1178
1186
1198
1205
1213
1223
1231
1239
1248
1258
1265
1275
1293
1303
1319
1332
1340
1349
1363
1373
1382
1392
1398
1408
1419
1424
1430
1440
1450
1460
1468
1480
1491
1500
1507
1516
1525
1533
1544
1558
1566
1575
1583
1596
1605
1611
1621
1631
1641
1653
1667
1674
1681
1688
1695
1701
1708
1712
1719
1725
1729
1735
1738
1745
1750
1754
1767
1774
1777
1785
1792
1800
1807
1811
1819
1825
1834
1839
1845
1849
1852
1855
1864
1868
1870
1875
1878
1882
1894
1899
1906
1911
1918
1925
1927
1937
1946
1951
1954
1959
1967
1975
1981
1989
1994
1999
2004
2009
2016
2022
2031
2034
2042
2048
2057
2064
2067
2074
2077
2086
2093
2103
2109
2118
2125
2129
2135
2145
2151
2155
2160
2170
2177
2186
2195
2207
2210
2216
2222
2228
2239
2247
2253
2263
2271
2281
2292
2301
2305
2315
2328
2335
2343
2346
