0
5
9
10
12
14
22
31
37
41
46
55
61
68
70
76
80
86
95
105
110
116
121
126
130
142
147
152
160
166
171
176
180
187
192
198
202
206
209
213
218
225
230
233
240
251
256
259
267
273
284
292
297
306
313
324
329
339
346
349
358
364
375
381
387
389
396
400
407
414
423
432
443
450
461
471
479
489
504
512
523
529
536
543
547
551
566
570
576
581
584
592
602
604
612
623
630
637
653
657
666
673
681
688
691
700
703
714
717
724
727
730
739
742
754
756
766
769
780
784
788
792
805
807
812
822
829
835
837
839
844
845
850
851
855
861
867
874
881
890
896
901
908
923
936
943
946
