1
9
21
29
33
38
42
46
51
57
59
63
69
72
77
79
85
91
97
104
116
119
133
136
146
153
158
170
174
177
185
193
195
204
211
217
222
225
233
235
241
249
257
262
264
270
274
283
287
293
300
306
313
321
331
338
345
351
357
360
365
372
378
388
392
401
407
415
419
422
427
436
445
456
461
462
465
470
474
481
484
490
496
498
501
506
509
515
517
525
531
539
542
550
554
560
565
570
579
588
594
601
605
609
624
631
639
642
645
650
659
672
677
684
693
700
707
717
718
722
723
728
731
733
738
739
742
745
750
751
757
763
766
772
775
786
795
811
815
821
828
832
840
846
856
861
869
875
883
889
895
900
904
913
915
924
932
939
944
950
954
956
964
970
977
983
993
994
1002
1012
1017
1020
1033
1039
1041
1050
1056
1064
1073
1084
1089
1096
1101
1110
1112
1117
1124
1128
1133
1139
1146
1153
1161
1168
1175
1180
1186
1197
1202
1209
1229
1237
1300
1304
1313
1318
1321
1324
