0
5
9
12
16
27
33
36
39
44
52
58
62
66
77
81
89
99
107
117
129
138
144
149
156
163
167
176
186
193
198
204
211
217
224
231
234
241
246
251
256
260
267
273
279
287
291
302
309
315
317
322
328
337
347
356
359
363
364
367
373
377
384
386
390
393
398
401
406
413
422
430
436
443
452
459
470
484
490
499
509
511
516
529
535
540
550
561
574
576
577
583
597
602
607
610
615
632
643
647
663
666
679
685
694
708
709
713
721
727
734
746
752
757
775
789
799
806
817
829
840
843
853
856
862
867
872
876
887
890
900
908
919
931
938
948
959
969
974
995
1007
1014
1020
1039
1049
1063
1072
1076
1080
1093
1094
1105
1110
1126
1133
1137
1141
1142
1145
1147
1154
1159
1162
1170
1176
1182
1185
1189
1197
1202
1210
1216
1224
1230
1232
1235
1241
1250
1256
1264
1270
1277
1284
1288
1293
1299
1304
1311
1318
1322
1327
1333
1340
1347
1358
1367
1370
1372
1381
1383
1387
1392
1398
1404
1408
1412
1419
1428
1432
1441
1446
1451
1456
1462
1466
1475
1481
1486
1493
1497
1505
1507
1515
1527
1531
1534
1543
1549
1554
1563
1572
1579
1598
1618
1628
1640
1658
1664
1676
1684
1688
1697
1702
1711
1718
1726
1734
1748
1753
1762
1785
1801
1810
1832
1841
1849
1854
1863
1866
1871
1883
1894
1901
1906
1922
1929
1942
1952
1959
1966
1977
1987
1996
2001
2006
2010
2020
2026
2029
2034
2043
2046
2050
2058
2065
2073
2080
2083
2090
2097
2101
2105
2114
2118
2127
2133
2144
2148
2153
2160
2168
2175
2181
2186
2192
2201
2206
2213
2223
2231
2238
2241
2244
