2
9
10
23
28
33
44
49
56
66
71
74
82
93
101
111
119
127
132
141
149
151
169
177
181
184
197
203
211
216
221
230
244
250
261
269
274
283
292
304
313
317
325
329
340
346
350
358
367
387
396
402
410
421
431
444
458
467
491
507
515
525
532
542
557
562
572
575
586
588
596
603
607
611
616
621
634
637
644
650
659
665
670
674
683
688
692
696
704
706
714
717
721
726
728
731
736
742
748
754
757
766
770
774
777
784
791
793
800
806
810
816
819
822
827
832
836
840
851
856
863
868
871
877
882
885
897
901
911
920
932
943
949
956
962
977
981
984
991
1000
1007
1014
1022
1032
1040
1046
1060
1069
1078
1085
1091
1096
1102
1107
1116
1124
1131
1138
1143
1148
1160
1162
1173
1182
1188
1196
1201
