0
5
9
15
22
30
40
45
53
59
64
74
86
89
97
107
120
124
128
134
136
145
158
161
174
184
187
191
193
199
201
206
208
218
223
229
231
235
244
250
252
255
262
265
272
274
283
288
297
304
313
321
329
334
343
348
353
360
369
374
385
391
400
403
415
424
435
441
446
451
456
464
477
484
486
493
497
502
509
513
519
529
537
544
551
554
563
568
572
583
587
589
595
602
612
616
621
624
632
637
643
654
661
664
670
681
690
699
708
714
722
727
735
746
753
757
765
768
776
783
786
793
797
803
810
812
818
824
826
831
839
848
860
868
870
881
886
892
897
907
914
917
924
932
937
944
950
954
959
968
977
984
997
998
1008
1009
