0
12
21
26
30
37
45
52
57
62
66
71
77
81
86
90
98
102
110
116
124
138
147
154
158
168
176
181
190
200
210
215
227
233
244
252
256
266
271
278
283
289
293
299
304
311
313
317
322
328
332
336
345
346
355
368
374
381
389
392
398
403
411
419
429
436
439
443
449
455
462
471
474
483
489
492
500
505
510
516
523
529
536
546
550
559
561
566
571
577
584
591
596
601
607
615
623
633
637
640
648
654
664
673
681
685
691
693
695
705
709
716
726
734
739
744
752
760
767
770
776
785
790
798
800
807
812
816
819
825
838
843
846
850
858
861
872
875
876
880
889
895
899
902
909
914
921
927
929
938
943
952
953
961
968
976
984
988
996
1003
1012
1018
1026
1035
1040
1048
1056
1063
1068
1075
1081
1090
1099
1104
1111
1115
1119
1124
1129
1134
1141
1149
1153
1157
1163
1165
1170
1175
1179
1187
1193
1204
1210
1219
1224
1227
1236
1242
1252
1255
1260
1262
1266
1269
1272
1275
1280
1284
1292
1297
1304
1307
1317
1329
1336
1339
1347
1349
1357
1366
1373
1381
1384
1389
1396
1402
1406
1413
1423
1427
1432
1439
1446
1453
1465
1472
1477
1482
1486
1494
1501
1508
1513
1517
1522
1535
1538
1541
