0
9
15
19
26
35
39
50
55
60
64
69
78
90
103
113
119
125
129
138
147
158
169
172
180
188
196
203
218
230
246
257
267
286
292
305
314
326
332
339
345
351
361
372
381
386
390
399
402
406
411
417
423
431
437
442
453
458
468
474
482
486
491
504
509
516
520
529
538
549
557
564
568
580
589
600
607
615
622
636
642
648
655
662
672
676
684
696
704
709
714
722
726
736
742
748
756
759
767
776
785
789
794
805
813
821
831
839
844
849
853
858
864
869
876
881
888
893
904
910
917
925
936
942
944
949
962
964
980
995
1001
1008
1013
1022
1026
1030
1037
1042
1049
1060
1067
1078
1082
1087
1090
1095
1102
1112
1117
1125
1131
1140
1141
1148
