0
10
15
21
30
34
46
53
65
78
95
98
102
109
117
127
132
139
145
150
157
163
176
183
187
192
197
203
211
215
225
232
240
244
253
263
270
277
282
289
298
305
314
322
332
337
345
351
360
368
378
384
393
397
406
411
421
425
434
443
448
455
461
464
469
473
482
488
494
501
508
513
517
523
532
543
548
557
562
570
574
580
584
592
601
607
614
616
621
631
642
648
652
655
661
671
677
687
690
695
700
708
714
724
735
744
749
755
758
761
767
773
779
788
794
800
815
827
835
841
850
854
859
865
871
878
884
893
911
918
923
933
941
951
957
966
969
977
980
986
994
1001
1009
1019
1024
1031
1042
1047
1049
1054
1065
1073
1080
1087
1092
1101
1106
1114
1124
1134
1143
1147
1152
1158
1164
1171
1177
1183
1193
1198
1203
1209
1213
1216
1219
1224
1227
1234
1239
1245
1252
1259
1263
1277
1282
1289
1297
1300
1303
1307
1313
1318
1321
1331
1341
1367
1375
1383
1385
1394
1402
1408
1414
1424
1433
1439
1442
1450
1460
1469
1471
1481
1493
1497
1503
1511
1516
1523
1532
1541
1549
1558
1567
1572
1578
1587
1591
1598
1602
1605
1610
1615
1625
1633
1635
1648
1656
1668
1677
1682
1693
1699
1708
1717
1725
1737
1744
1751
1757
1764
1769
1776
1781
1787
1797
1801
1809
1814
1818
1825
1840
1852
1858
1860
1867
1876
1884
1890
1895
1900
1910
1921
1928
1934
1940
1945
1952
1957
1958
1960
1965
1978
1982
1988
1996
2003
2015
2024
