0
13
19
24
28
33
37
47
50
57
61
65
71
76
82
87
92
98
103
105
108
112
119
125
133
142
147
153
160
167
174
181
188
196
203
212
220
228
230
235
238
242
245
250
254
257
260
263
268
274
282
287
290
297
302
311
316
321
326
331
336
341
344
350
356
361
365
369
374
378
384
387
392
399
407
410
416
423
428
436
438
442
446
452
456
463
468
472
481
492
499
506
511
517
521
525
533
536
538
541
544
549
553
561
566
569
573
579
583
587
595
598
607
613
616
621
629
633
640
648
655
661
666
671
674
680
683
686
688
695
699
704
710
717
724
726
731
737
745
747
748
751
758
767
771
776
780
783
786
790
794
796
801
804
808
810
814
818
822
828
832
840
848
855
864
871
874
881
885
890
897
899
