0
5
9
15
23
36
45
56
65
78
83
94
103
107
116
128
142
151
162
172
188
193
202
208
212
218
228
237
249
263
268
278
286
294
305
315
321
331
338
345
352
356
361
370
379
390
396
407
412
415
427
434
439
449
458
464
473
484
493
499
510
518
521
527
534
539
549
555
564
574
579
586
592
601
608
613
622
629
636
641
649
658
667
673
679
686
693
696
700
701
702
707
713
719
725
736
742
750
764
771
774
777
786
793
800
810
817
821
827
836
847
857
860
868
881
890
904
912
920
928
932
938
946
952
956
962
968
974
979
983
989
994
1000
1003
1008
1012
1017
1023
1027
1039
1044
1048
1056
1068
1077
1085
1087
1098
1109
1114
1122
1134
1137
1145
1153
1160
1164
1170
1176
1183
1195
1201
1203
1211
1219
1230
1242
1249
1253
