0
5
9
12
15
20
28
33
38
44
47
52
61
65
71
75
80
85
90
94
103
108
112
116
125
129
135
142
147
151
158
162
167
174
180
184
189
193
198
207
213
216
221
230
236
243
248
256
260
266
277
282
289
296
303
308
315
320
327
334
339
342
346
352
361
376
382
384
390
394
400
404
408
412
417
426
430
438
442
446
452
462
467
473
475
486
494
502
506
511
516
523
527
531
537
541
549
555
557
567
572
577
581
590
595
604
610
618
626
633
642
647
655
663
668
677
681
692
697
704
711
718
726
732
740
744
747
752
756
762
768
775
781
788
794
799
802
808
811
819
821
823
827
838
843
851
857
867
873
877
889
897
911
916
923
929
937
944
951
956
963
970
984
995
1003
1008
1021
1030
1036
1042
1049
1053
1058
1064
1073
1082
1091
1099
1103
1109
1117
1119
1126
1132
1135
1144
1151
1155
1165
1171
1177
1184
1191
1196
1205
1208
1216
1223
1236
1246
1256
1258
1265
1274
1280
1287
1297
1304
1311
1316
1324
1330
1339
1344
1351
1357
1366
1375
1379
1389
1400
1406
1410
1419
1427
1435
1440
1446
1456
1461
1467
1472
1477
1487
1493
1498
1503
1510
1519
1522
1531
1534
1542
1550
1557
1565
1577
1581
1585
1592
1599
1602
1608
1620
1628
1633
1642
1650
1657
1668
1680
1686
1690
1705
1715
1726
1736
1742
1751
1761
1768
1777
1786
1791
1801
1811
1816
1826
1832
1839
1844
1849
1858
1866
1871
1880
1888
1897
1906
1920
1929
1934
1939
1946
1958
1974
1980
1988
1994
2003
2016
2024
2032
2041
2050
2057
2065
2075
2083
2091
2099
2104
2109
2114
2119
2123
2135
2143
2148
2152
2158
2168
2170
