1
14
17
24
31
37
49
54
60
65
67
71
75
78
84
86
91
96
106
109
112
117
124
130
145
150
156
163
170
174
180
182
184
188
198
203
205
209
214
221
226
233
242
246
251
257
268
274
275
281
285
287
289
291
301
306
318
325
334
342
346
356
368
372
378
385
388
393
400
408
414
417
421
427
435
439
441
446
451
461
469
476
485
492
499
504
513
516
527
532
536
547
555
558
569
572
573
577
587
598
603
615
618
619
621
631
641
649
659
661
673
677
689
693
702
707
716
726
732
739
748
752
758
770
779
782
791
802
807
813
818
824
833
840
847
850
856
863
868
879
882
886
892
899
908
910
914
921
929
936
942
947
951
958
966
968
976
983
988
994
1002
1011
1016
1019
1032
1041
1043
1045
1047
1051
1057
1059
1067
1072
1076
1078
1084
1090
1096
1102
1106
1114
1120
1125
1131
1135
1142
1147
1151
1157
1162
1164
1166
1170
1175
1183
1188
1194
1199
1208
1215
1222
1229
1241
1247
1254
1262
1268
1275
1283
1293
1300
1305
1308
1312
1318
1322
1331
1336
1341
1346
1351
1363
1369
1373
1379
1385
1393
1399
1405
1412
1419
1425
1434
1439
1446
1452
1461
1467
1470
1475
1480
1487
1493
1505
1511
1515
1527
1535
1540
1545
1550
1555
1567
1571
1577
1580
1585
1592
1597
1605
1612
1620
1627
1632
1635
1642
1644
1655
1663
1667
1672
1678
1683
1690
1698
1702
1708
1713
1717
1727
1731
1736
1744
1758
1764
1772
1781
1786
1792
1801
1810
1815
1823
1828
1832
1836
1844
1848
1851
1855
1857
1859
1863
1868
1872
1877
1878
1882
1889
1892
1895
1900
1904
1912
1919
1926
1929
1933
1940
1942
1949
1957
1958
