0
5
9
25
31
42
57
64
70
82
90
98
108
121
123
129
133
141
149
160
174
189
199
207
212
214
223
226
232
243
253
257
264
272
279
284
298
304
317
323
329
336
342
348
351
356
358
364
371
380
387
400
410
417
421
425
430
435
443
451
455
461
467
477
489
492
498
503
508
510
515
520
527
531
539
547
552
561
564
568
574
585
590
599
603
606
613
619
626
635
643
646
658
674
681
694
705
719
725
729
736
739
744
751
755
768
770
780
791
801
808
820
831
843
849
863
870
880
889
913
917
923
936
940
947
950
953
958
969
981
983
989
995
1004
1009
1016
1019
1026
1033
1038
1051
1054
1062
1065
1071
1078
1083
1094
1099
1108
1114
1115
1120
1137
1141
1148
1157
1163
1167
1169
1182
1186
1196
1202
1210
1213
1216
1218
1231
1236
1241
1249
1255
1260
1267
1270
1272
1281
1285
1287
1293
1303
1308
1316
1322
1327
1333
1341
1348
1359
1361
1364
1371
1380
1385
1391
1395
1400
1405
1412
1415
1422
1430
1439
1445
1456
1459
1465
1472
1482
1494
1500
1502
1512
1514
