2
11
17
28
34
54
67
73
81
86
93
98
107
114
121
126
132
139
141
147
157
163
165
167
172
175
177
180
181
185
187
188
195
202
213
216
220
228
232
240
248
255
257
263
268
273
279
280
287
296
303
307
312
321
336
343
350
358
363
370
378
385
395
403
412
417
426
434
440
444
450
458
466
470
476
480
485
490
494
503
509
515
525
531
543
545
549
555
560
572
576
581
584
594
598
605
613
619
623
628
638
653
659
670
673
679
688
699
708
711
723
728
734
739
746
753
756
759
766
775
786
791
798
800
804
813
820
824
835
841
848
855
856
860
