0
5
9
11
20
28
35
41
53
59
70
74
84
96
108
111
126
128
134
142
145
149
153
157
159
165
175
179
183
188
196
199
215
222
232
238
246
253
259
263
266
270
277
283
291
299
314
317
320
322
331
341
345
350
355
362
368
375
376
380
386
393
405
409
427
433
440
450
455
457
464
469
474
481
487
492
495
502
509
517
519
528
535
540
547
551
557
564
572
579
584
590
597
602
609
618
625
628
633
638
640
644
651
668
671
679
684
697
702
708
718
732
737
744
745
746
749
762
771
788
791
796
802
815
820
826
831
839
848
855
858
863
870
878
891
906
910
916
923
930
937
945
951
954
960
964
971
977
988
990
1002
1010
1015
1026
1035
1050
1052
1061
1071
1083
1092
1100
1103
1108
1112
1119
1126
1140
1150
1152
1157
1163
1167
1173
1183
1191
1199
1211
1214
1226
1232
1238
1249
1257
1265
1269
1276
1283
1292
1300
1308
1313
1321
1331
1337
1344
1352
1362
1371
1376
1388
1393
1396
1403
1414
1420
1430
1441
1451
1462
1465
1471
1478
1486
1497
1503
1515
1524
1534
1536
1550
1559
1561
1570
1576
1582
1589
1593
1602
1612
1617
1623
1629
1634
1643
1650
1657
1669
1680
1686
1694
1699
1707
1715
1732
1736
1741
1757
1770
1778
1785
1791
1801
1802
1805
1811
1816
1819
1823
