0
5
9
17
23
28
33
39
47
51
56
62
85
91
94
96
100
106
109
119
122
132
135
139
146
150
153
159
167
171
178
183
186
191
195
198
210
219
225
232
242
246
254
259
267
275
283
285
288
294
297
299
304
307
314
317
328
332
336
342
344
350
356
364
377
381
385
392
403
407
414
420
425
432
446
453
457
460
466
475
480
483
489
493
498
507
514
518
528
539
543
554
557
562
565
571
584
591
598
607
612
618
623
626
631
641
653
658
660
666
673
682
689
699
704
714
721
723
725
727
731
740
748
751
757
759
763
768
772
776
781
784
788
792
798
802
808
818
823
827
832
836
843
853
856
861
864
867
871
874
879
885
892
898
904
913
920
926
942
947
952
959
964
969
972
977
982
1044
1048
1051
1057
1062
1072
1079
1082
1092
1097
1104
1113
1117
1122
1125
1128
1130
1136
1143
1149
1156
1163
1167
1174
1179
1186
1190
1197
1203
1210
1217
1223
1229
1240
1247
1254
1266
1275
1279
1288
1294
1300
1304
1315
1323
1332
1336
1339
1346
1353
1370
1374
1378
1386
1393
1398
1409
1416
1426
1433
1437
1441
1448
1457
1462
1469
1472
1480
1485
1489
1498
1508
1515
1518
1523
1534
1539
1547
1549
1558
1562
1567
1569
1573
1576
1579
1581
1585
1589
1593
1596
1600
1603
1610
1612
1617
1625
1629
1633
1638
1647
1657
1669
1675
1677
1683
1692
1696
1700
1703
1706
1714
1719
1721
1726
1735
1738
1741
1749
1757
1761
1766
1772
1775
1785
1790
1794
1799
1804
1810
1813
1824
1832
1836
1843
1847
1857
1860
1866
1869
1874
1881
1885
1889
1894
1900
1906
1911
1917
1928
1931
1938
1943
1952
1961
1969
1975
1979
1984
1987
1990
1993
1996
2001
2005
2012
2022
2025
2035
2039
2047
2053
2060
2066
2073
2079
2086
2095
2102
2112
2124
2127
2130
2136
2145
2153
2161
2171
2180
2185
