1
11
16
22
32
46
55
61
66
73
80
86
90
94
103
108
112
117
123
131
139
146
158
165
171
174
184
191
198
201
205
207
212
223
229
235
241
246
252
260
266
274
280
286
295
300
306
315
322
332
343
352
357
369
377
382
392
400
406
413
422
427
435
441
445
449
455
460
465
466
475
480
483
486
495
499
504
510
514
519
525
530
535
540
543
550
555
560
568
573
576
583
591
601
605
609
611
619
633
643
651
654
659
663
668
675
682
687
692
699
703
713
717
721
726
731
738
745
749
752
758
763
771
783
791
797
805
810
818
823
830
838
841
847
856
860
