2
10
13
15
20
26
30
35
41
45
48
52
56
59
62
67
73
78
85
87
90
93
98
104
107
113
116
124
133
138
142
147
152
159
165
171
173
175
183
188
191
196
201
207
211
219
227
231
237
241
250
256
264
273
277
282
288
296
300
303
307
316
326
333
338
341
346
351
357
366
372
378
383
386
393
396
401
403
418
426
431
438
460
479
481
486
495
507
513
514
516
521
525
528
533
537
541
545
551
555
559
564
568
574
579
583
589
597
604
609
613
615
619
624
632
635
644
653
656
666
675
680
684
688
691
696
706
708
716
722
727
734
740
743
750
764
773
775
780
788
791
802
809
818
822
831
840
848
856
867
875
893
894
897
906
907
909
913
918
923
927
934
939
942
