2
10
18
27
34
45
52
59
71
76
80
86
93
101
108
119
133
134
136
143
150
159
167
174
180
188
193
201
211
216
222
228
237
243
255
263
271
279
301
306
310
321
328
336
347
354
359
365
372
384
394
402
412
420
426
434
444
451
460
473
480
489
496
506
514
518
526
534
551
560
571
579
587
592
600
603
613
624
630
637
645
652
663
669
677
679
683
694
703
712
722
727
734
740
749
758
764
769
773
777
783
790
798
808
817
821
825
829
834
841
848
853
865
873
880
887
893
900
909
915
924
929
935
940
943
951
959
965
972
979
986
991
1000
1006
1012
1016
1024
1032
1038
1043
1046
1050
1057
1062
1065
1072
1075
1081
1085
1090
1094
