0
10
11
13
19
24
33
40
42
50
60
69
75
78
86
100
106
115
122
126
132
140
145
154
160
165
171
178
187
193
203
210
215
223
228
239
247
253
260
268
273
279
280
283
290
299
307
308
313
323
331
337
341
346
356
364
372
377
384
389
393
405
413
422
427
431
434
441
442
449
464
473
483
492
495
504
509
516
521
530
532
538
542
547
553
564
570
582
585
587
594
600
606
612
614
620
626
629
637
642
644
649
658
663
670
674
677
684
695
704
711
718
733
743
748
762
769
780
785
790
797
808
819
828
831
850
854
860
871
874
877
890
897
910
916
924
927
936
942
950
960
968
981
987
995
1005
1012
1023
1029
1034
1039
1047
1063
1070
