0
14
15
16
23
29
33
39
49
51
55
72
74
76
81
86
90
93
98
101
106
116
121
125
131
135
139
140
143
149
152
157
159
162
165
167
170
174
180
184
188
189
192
194
199
204
210
213
215
217
222
229
233
237
246
250
253
257
261
266
270
271
281
297
301
307
316
328
330
333
337
344
351
357
369
373
375
378
388
394
397
398
405
412
414
421
428
434
439
441
445
448
458
461
463
471
474
481
486
490
494
505
509
513
514
517
519
522
527
533
535
540
546
553
561
565
572
578
583
587
591
595
600
605
608
611
613
623
629
632
636
640
644
646
652
656
662
670
674
679
684
694
696
701
704
709
714
718
727
731
734
743
749
753
756
761
765
772
779
783
786
797
808
813
821
826
830
833
837
841
844
849
859
865
867
874
