0
13
18
28
31
36
43
49
54
66
69
84
94
102
110
118
122
130
140
145
151
162
171
181
193
200
204
207
212
215
219
235
241
251
253
261
265
270
275
282
293
304
306
311
314
318
327
331
341
347
352
363
371
376
386
393
398
406
412
419
426
435
438
446
451
457
462
469
477
483
488
496
498
504
509
515
517
528
536
538
545
549
559
563
569
576
585
590
595
598
602
607
614
623
627
631
639
643
646
659
669
675
681
690
695
707
714
718
726
730
736
739
745
749
758
770
773
780
788
794
807
813
826
836
842
850
853
860
869
878
887
893
901
907
923
935
944
949
961
962
965
969
988
990
996
1000
1011
1015
1023
1028
1033
1046
1050
1057
1062
1065
1071
1076
1082
1092
1097
1105
1114
1126
1129
1139
1142
1156
1174
1181
1186
1197
1216
1220
1222
1232
1236
1244
1247
1258
1269
1270
1272
1280
1293
1297
1308
1319
1327
