0
9
11
12
22
30
38
45
55
63
70
74
83
94
101
104
116
120
123
133
137
145
153
161
170
176
189
199
208
218
223
230
234
241
249
253
257
261
275
280
286
289
295
305
310
319
324
332
339
347
352
358
369
371
382
390
403
409
413
421
431
445
456
459
470
482
487
500
513
517
527
531
534
537
541
549
553
557
566
573
577
589
594
605
614
617
626
630
635
639
644
653
660
675
681
683
692
703
710
725
733
736
744
747
751
760
766
772
775
782
791
797
805
811
816
825
832
839
848
857
867
880
884
895
901
914
920
927
931
936
947
953
960
969
977
986
994
999
1002
1013
1016
1023
1026
1028
1037
1046
1055
1061
1067
1068
1069
1083
1090
1095
1104
1108
1115
1119
1129
1137
1142
1156
1160
1165
1171
1193
1200
1214
1223
1226
1236
1241
1246
1252
1258
1265
1271
1280
1287
1289
1292
1296
1302
1308
1316
1319
1324
1331
1342
1345
1355
1370
1377
1385
1389
1395
1401
1406
1414
1421
1429
1433
1452
1458
1467
1479
1484
1493
1499
1505
1509
1516
1519
1529
1536
1542
1554
1567
1575
1584
1594
1603
1606
1612
1613
1617
