2
10
14
18
25
30
35
41
48
56
58
66
68
71
74
77
80
83
86
88
94
98
104
109
112
117
121
127
135
141
145
150
153
156
162
169
173
177
181
185
189
194
198
202
208
212
216
218
224
230
237
244
247
251
259
264
267
269
275
281
284
287
295
301
304
308
312
316
321
326
334
339
344
352
359
366
369
377
382
392
400
407
414
420
425
432
434
440
444
453
457
461
464
467
473
481
484
489
496
504
509
513
521
526
532
541
546
553
554
560
564
570
578
583
586
597
605
619
631
647
654
658
661
670
682
687
693
699
705
711
721
725
728
730
736
738
743
751
762
764
772
776
782
789
795
803
809
817
825
835
844
849
862
869
874
883
890
910
921
924
933
938
949
951
957
967
977
985
996
998
1007
1017
1025
1029
1033
1041
1049
1054
1059
1061
1070
1078
1083
1090
1093
1098
1106
1111
1118
1120
1125
1134
1141
1146
1154
1159
1168
1176
1180
1183
1189
1197
1203
1208
1213
1220
1227
1234
1238
1241
1246
1252
1259
1273
1285
1292
1297
1301
1305
1310
1315
1320
1326
1337
1347
1353
1362
1367
1373
1386
1396
1400
1406
1413
1421
1427
1436
1443
1457
1463
1466
1473
1480
1487
1492
1499
1502
1509
1517
1524
1527
1533
1542
1545
1550
1555
1562
1565
1570
1577
1584
1590
1598
1604
1610
1619
1629
1640
1653
1656
1659
1666
1668
1674
1683
1686
1691
1697
1703
1711
1714
1718
1721
1727
1732
1738
1742
1745
1748
1757
1762
1766
1771
1774
1780
1785
1792
1795
1801
1807
1816
1819
1827
1834
1846
1850
1861
1868
1869
1874
1878
1882
1886
1898
1901
1907
1915
1921
1929
1937
1943
1953
1960
1971
1978
1987
1999
2011
2019
2026
2036
2045
2050
2055
2058
2067
2069
2084
2094
2109
2113
2118
2124
2136
2142
2151
2159
2163
2169
2173
2180
2189
2199
2201
2205
2211
2218
2223
2228
2232
2244
2246
2254
2261
2268
2271
