0
5
9
12
16
20
28
38
43
46
51
56
68
70
76
82
88
94
100
105
109
112
120
131
145
152
160
169
177
188
194
202
211
216
226
232
241
249
253
260
269
276
285
297
304
310
321
331
337
346
364
377
390
396
399
402
407
411
418
427
432
438
444
452
463
466
475
480
484
492
500
502
509
514
523
534
541
544
550
560
566
574
577
583
603
605
611
617
622
629
636
648
659
667
676
679
689
701
704
712
724
734
744
750
758
767
775
781
790
799
808
817
824
827
832
842
847
852
858
865
873
886
893
901
916
922
928
934
940
954
960
969
973
979
986
995
1007
1015
1022
1030
1039
1049
1057
1065
1073
1075
1088
1094
1109
1115
1124
1130
1138
1147
1157
1165
1174
1190
1199
1204
1219
1224
1231
1233
1235
