0
9
12
17
19
25
30
35
44
47
52
57
61
68
72
79
87
93
98
104
114
117
125
133
138
143
149
155
158
163
169
175
187
196
201
208
214
219
223
227
232
236
241
246
249
254
261
265
269
276
280
286
292
299
304
312
319
323
330
335
342
347
352
357
365
373
380
389
394
398
403
408
414
421
429
436
446
452
456
464
471
477
483
489
493
497
501
506
509
514
519
522
529
536
544
554
560
565
572
578
585
591
598
604
609
617
620
623
628
634
638
644
648
654
658
664
670
674
680
689
693
702
712
717
721
726
733
738
742
747
754
761
769
776
782
788
797
804
811
814
817
821
826
830
836
841
844
847
