0
5
9
14
19
24
30
36
52
58
62
70
78
84
91
97
101
107
116
119
130
136
144
147
151
153
161
166
170
179
184
188
192
196
201
206
210
219
233
238
242
247
250
258
266
272
278
284
289
292
295
299
304
309
312
318
324
329
334
339
343
347
352
356
367
372
379
383
388
392
395
400
406
412
416
418
425
427
431
435
442
448
451
456
460
464
471
479
486
492
498
501
509
513
517
520
522
528
531
536
540
542
549
556
557
559
564
567
573
578
581
584
588
596
601
609
613
619
627
632
638
646
652
655
658
661
673
675
679
683
689
692
696
701
706
715
717
725
731
738
749
755
758
763
770
772
780
784
789
796
800
805
807
816
819
822
825
833
838
841
844
853
856
860
864
870
873
876
880
883
888
896
901
902
907
912
913
922
928
935
940
943
947
952
958
962
965
971
975
978
984
988
992
993
1001
1006
1009
1017
1019
1024
1033
1040
1046
1054
1060
1064
1065
1073
1078
1085
1091
1097
1103
1111
1116
1122
1133
1139
1143
1148
1151
1156
1168
1174
1180
1186
1192
1198
1201
1205
1208
1212
1219
1220
1226
1235
1238
1242
1244
1251
1253
1257
1264
1272
1279
1283
1293
1300
1306
1309
1314
1321
1325
1330
1336
1340
1344
1349
1353
1358
1360
1364
1368
1373
1377
1382
1388
1393
1395
1399
1408
1412
1418
1421
1423
1427
1433
1436
1442
1447
1450
1458
1463
1468
1478
1484
1489
1492
1497
1499
1506
1509
1514
1523
1528
1532
1537
1543
1548
1552
1558
1561
1564
1572
1577
1581
1588
1591
1594
1597
1601
1604
1613
1619
1623
1626
1628
1633
1637
1644
1646
1650
1654
1657
1662
1668
1672
1676
1678
1685
1688
1694
1697
1701
1704
1709
1714
1716
1723
1728
1730
1739
1747
1753
1757
1761
1771
1776
1781
1786
1787
