0
11
22
24
30
39
46
52
59
74
89
94
101
108
122
128
133
142
156
165
169
172
184
196
207
212
225
227
229
237
246
249
253
261
268
272
274
280
290
292
301
306
309
313
317
326
335
340
352
359
370
381
390
395
401
406
414
423
430
438
441
453
467
475
478
487
492
499
501
507
517
526
539
543
551
575
579
588
598
604
608
622
628
633
645
650
660
672
677
683
694
698
704
709
716
719
726
736
746
749
755
761
766
771
776
783
788
790
796
800
806
812
818
824
826
829
835
839
843
847
852
863
868
876
895
901
907
915
919
925
935
943
947
950
955
965
979
987
991
996
1005
1014
1020
1025
1040
1045
1050
1057
1069
1077
1079
1084
1092
1101
1109
1117
1130
1132
1142
1151
1161
1170
1182
1186
1192
1218
1230
1237
1246
1250
1259
1266
1275
1281
1290
1296
1310
1316
1329
1333
1342
1345
1347
1350
1355
1367
1375
1381
1387
1391
1395
1399
1412
1421
1429
1439
1446
1451
1456
1463
1477
1482
1493
1496
1500
1508
1513
1521
1527
1530
1534
1538
1546
1549
1560
1566
1571
1579
1586
1598
1606
1614
1624
1634
1644
1651
1663
1678
1688
1694
1704
1708
1724
1733
1746
1751
1754
1763
1771
1775
1780
1786
1792
1802
1811
1817
1827
1838
1843
1851
1856
1860
1868
1872
1881
1889
1894
1902
1907
1911
1915
1920
1932
1935
1938
1943
1949
1954
1962
1965
1969
1977
1992
2000
2005
2011
2017
