2
15
20
28
38
57
62
70
79
91
98
109
114
123
131
136
139
146
150
154
163
171
179
194
199
206
212
218
227
241
250
253
256
265
272
278
284
299
308
313
316
325
332
337
346
350
356
364
371
377
383
387
391
401
410
416
423
429
441
452
458
465
473
486
493
501
513
517
520
531
537
541
550
559
568
573
582
586
595
604
624
632
639
646
655
661
664
671
676
682
689
699
702
712
723
729
739
751
763
776
778
783
791
795
807
813
821
826
840
850
855
866
879
888
895
900
913
929
937
944
952
961
969
975
983
990
1002
1011
1019
1030
1037
1052
1059
1065
1068
1082
1084
1095
1101
1106
1112
1117
1121
1128
1139
1143
1151
1155
1166
1181
1187
1191
1194
1200
1210
1218
1230
1239
1243
1250
1258
1266
1277
1282
1289
1296
1299
1305
1311
1320
1330
1337
1339
1342
1346
1352
1359
1368
1371
1378
1385
1391
1397
1402
1407
1415
1423
1432
1436
1443
1455
1465
1475
1481
1486
