2
12
19
25
31
36
43
50
55
62
65
72
80
85
90
92
94
96
102
107
112
114
118
120
124
129
137
141
146
154
157
165
171
174
178
181
183
190
194
197
203
206
210
213
218
224
229
235
239
245
252
260
263
270
275
283
288
295
302
309
311
313
319
322
326
329
332
340
348
353
358
367
379
383
392
397
403
408
411
418
422
425
428
432
438
447
449
455
464
469
473
482
486
490
495
498
505
512
514
521
525
529
535
541
546
548
552
560
564
570
575
578
581
588
593
598
602
605
609
613
619
625
630
635
641
647
653
657
662
668
674
682
685
689
692
699
702
710
713
717
723
726
733
737
742
751
759
765
767
770
780
786
790
793
799
808
812
816
820
823
828
834
840
844
850
861
869
871
875
878
887
894
897
902
914
921
925
931
934
937
941
943
947
954
956
961
963
967
970
975
981
990
995
1000
1004
1008
1017
1024
1033
1040
1043
1048
1053
1055
1057
1062
1065
1071
1075
1083
1096
1099
1104
1109
1116
1121
1125
1129
1135
1137
1144
1148
1150
1153
1164
1168
1170
1175
1178
1182
1187
1194
1197
1204
1211
1222
1226
1229
1232
1238
1245
1253
1256
1265
1269
1273
1277
1290
1294
1296
1302
1308
1316
1322
1326
1335
1340
1353
1356
1360
1366
1372
1380
1393
1406
1408
1417
1423
1426
1433
1437
1442
1446
1454
1456
1458
1463
1467
1474
1477
1482
1488
1495
1499
1507
1512
1513
1520
1524
1530
1537
1540
1547
1550
1554
1559
1562
1565
1568
1573
1582
1588
1591
1594
1599
1603
1610
1614
1627
1635
1647
1653
1657
1662
1666
1671
1676
1678
1683
1687
1696
1703
1711
1717
1720
1729
1732
1736
1742
1747
1755
1761
1771
1781
1783
1788
1793
1794
1799
1805
1812
1815
1828
1830
1840
1848
1851
1859
1862
1865
1877
1884
1889
1894
1900
1904
1911
1915
1917
1923
1929
1934
1937
1945
1949
1954
1956
1961
1970
1974
1977
1982
1985
1990
1992
1996
1999
2003
2007
2011
2015
2017
2021
2023
2026
2031
2034
2041
2044
2055
2057
2059
2064
2067
2078
2081
2084
2087
2097
2103
2106
2108
2110
2124
2134
2145
2157
2161
2168
2177
2180
2183
2187
2192
2197
2203
2211
2219
2225
2232
2237
2248
2250
2252
2254
