0
8
13
17
19
20
27
34
36
41
43
48
59
67
76
86
93
98
106
112
121
132
137
140
142
145
148
158
163
170
172
190
198
206
213
216
222
231
235
240
243
245
249
253
273
280
289
304
313
318
321
326
330
340
348
351
356
360
368
375
384
391
396
400
406
410
416
419
426
432
438
458
468
476
480
483
490
492
503
505
511
517
524
534
540
541
549
550
553
554
563
568
576
579
583
589
590
591
599
603
608
612
614
615
622
627
636
640
642
649
652
658
664
670
675
686
694
707
714
719
724
730
738
742
750
759
765
767
774
782
788
795
800
808
814
815
825
828
844
851
857
862
882
885
891
896
908
917
921
925
944
947
950
954
961
966
968
972
980
985
998
1002
1004
1007
1010
1012
1014
1026
1030
1036
1043
1049
1066
1070
1073
1082
1085
1097
1101
1107
1109
1112
1115
1120
1126
1133
1139
1141
1142
1150
1155
1161
1170
