0
5
9
12
17
25
31
34
39
46
52
56
65
72
81
83
92
96
103
106
120
133
137
142
148
158
162
173
179
188
191
195
201
211
219
225
234
238
243
251
255
258
265
271
281
289
297
308
313
325
329
334
338
349
360
370
374
377
383
390
391
396
398
406
408
414
417
427
435
441
450
455
464
471
482
488
493
500
504
515
521
532
539
545
551
565
574
579
584
591
596
598
603
610
616
623
631
638
643
654
658
666
670
674
684
694
696
708
720
724
736
743
757
761
771
776
783
789
794
804
814
826
832
848
856
867
873
879
883
889
900
913
917
931
936
941
948
954
963
969
975
982
986
989
996
1000
1005
1011
1015
1026
1033
1038
1043
1047
1055
1060
1067
1073
1077
1085
1088
1097
1109
1115
1127
1131
1139
1147
1154
1159
1165
1170
1181
1189
1194
1206
1211
1217
1225
1230
1236
1243
1248
1252
1262
1265
1273
1278
1285
1297
1302
1308
1312
1320
1322
1327
1337
1342
1353
1359
1366
1371
1376
1382
1388
1392
1395
1398
1404
1410
1417
1421
1422
1430
1436
1439
1441
1448
1453
1457
1464
1470
1478
1495
1503
1509
1523
1526
1536
1542
1547
1550
1556
1558
1572
1578
1587
1591
1598
1604
1615
1625
1629
1635
1644
1652
1660
1668
1675
1679
1686
1697
1702
1714
1716
1726
1731
1736
1743
1754
1758
1762
1766
1767
1770
1773
1778
1780
1794
1797
1800
1804
1807
1811
1813
1820
1825
1827
1836
1839
1846
1849
1856
1866
1873
1876
1880
1886
1890
1903
1908
1916
1926
1933
1936
1937
1941
1948
1952
1956
1965
1971
1975
1978
1983
1994
2003
2011
2017
2025
2038
2045
2050
2052
2058
2065
2074
2076
2078
2088
2092
2097
2104
2117
2124
2131
2139
2143
2146
2150
2154
2164
2172
2176
2186
2194
2200
2208
2216
2225
2231
2233
2236
2252
2259
2265
2270
2273
2276
2278
2287
2294
2301
2305
2312
2322
2335
2340
2348
2358
2368
2371
2379
2390
2395
2409
2423
2425
2432
2436
2449
2459
2462
2469
2478
2482
2484
2490
2497
2506
2518
2523
2529
2533
2540
2549
2553
2559
2563
2573
2580
2584
2594
2603
2608
2617
2624
2635
2639
2647
2651
2661
2669
2675
2687
2697
2716
2720
2727
2733
2736
2744
2751
2758
2761
2768
2780
2786
2794
2800
2804
2809
