2
12
16
20
26
27
36
38
46
47
52
60
61
71
73
79
81
89
91
96
115
116
119
121
124
127
132
138
160
175
178
181
190
197
205
209
214
225
237
243
247
256
261
264
272
280
287
297
310
315
318
323
333
335
339
345
349
358
365
374
377
384
389
398
406
412
418
426
428
433
438
441
445
449
453
457
462
466
474
479
482
485
493
503
511
520
524
536
541
546
553
562
565
575
579
585
592
597
600
610
615
622
627
630
634
639
649
660
667
674
685
693
700
708
721
729
742
751
755
759
762
766
775
784
788
792
797
802
807
808
811
816
818
825
829
832
836
841
850
855
873
875
877
884
890
898
902
909
912
918
920
925
927
930
939
944
945
951
956
965
974
976
978
985
986
1001
1005
1008
1013
1019
1020
1025
1036
1038
1043
1048
1051
1060
1063
1067
1076
1078
1083
1092
1094
1102
1106
1109
1111
1115
1122
1129
1142
1145
