0
5
9
12
15
20
23
27
31
37
40
44
49
56
62
71
75
86
93
96
101
107
109
114
123
128
136
148
153
161
166
173
177
183
189
205
213
220
230
235
242
252
256
265
273
278
286
292
297
307
310
317
325
331
339
345
350
355
362
367
376
383
390
401
406
413
415
420
424
429
433
439
443
448
458
468
476
483
490
495
498
507
517
521
523
526
531
538
546
549
556
562
569
577
580
590
602
614
619
622
628
635
645
649
657
662
665
675
681
690
696
706
710
714
716
723
732
742
746
755
760
765
768
778
784
789
796
800
808
816
826
829
838
844
852
855
860
863
866
873
879
885
890
896
901
912
914
922
928
932
943
947
951
956
960
966
970
976
984
991
997
1005
1013
1022
1023
1027
1039
1045
1050
1057
1064
1070
