0
9
11
13
18
22
29
35
42
47
49
56
60
64
69
73
78
84
87
93
99
101
108
113
117
125
133
139
142
150
155
157
163
169
177
186
191
196
202
207
211
217
221
225
230
233
237
240
243
247
250
259
262
267
274
277
282
285
288
290
298
303
309
313
317
321
330
335
339
342
345
348
350
354
359
366
369
373
376
381
383
389
392
394
398
401
404
409
415
420
426
431
439
442
448
457
465
470
473
477
485
486
490
496
506
510
517
521
527
533
540
546
550
554
562
569
574
578
581
584
589
592
599
604
609
612
620
625
632
638
646
651
654
660
663
668
673
682
686
691
697
703
711
716
720
730
734
739
744
749
754
758
762
769
773
782
785
797
800
804
809
814
818
822
829
833
837
846
850
854
857
862
869
873
876
879
882
884
898
902
909
914
919
925
929
931
934
940
948
954
957
959
969
971
974
977
979
984
989
994
999
1005
1007
1013
1017
1019
