0
5
9
12
17
22
28
37
47
62
66
70
74
81
87
93
100
107
110
116
129
142
149
153
156
164
167
180
187
198
208
215
224
230
237
244
252
258
266
277
287
291
300
310
319
325
331
339
349
355
363
369
372
381
389
398
403
413
417
426
429
440
448
450
455
464
472
486
491
498
504
513
521
522
528
536
543
555
563
569
575
581
589
595
604
614
622
633
642
646
652
659
671
678
687
691
705
709
714
723
733
738
752
763
771
777
783
793
807
813
826
833
840
852
864
873
886
901
910
924
932
938
950
957
964
974
984
995
1003
1021
1033
1037
1045
1049
1054
1061
1073
1082
1093
1099
1104
1109
1117
1127
1135
1145
1151
1156
1159
1169
1179
1182
1191
1197
1202
