0
5
9
14
27
31
42
55
60
66
73
79
86
96
107
115
126
136
141
148
153
157
163
165
168
189
196
199
208
216
218
227
234
240
245
252
256
261
267
271
275
279
286
291
302
308
312
320
325
332
339
345
351
354
358
362
370
377
386
394
401
405
415
421
428
437
439
446
454
458
461
466
474
479
483
492
495
500
509
516
524
531
540
546
556
563
569
573
581
593
597
603
610
616
623
629
636
644
653
659
664
672
677
686
693
704
709
718
724
732
740
749
753
761
768
773
786
793
801
811
820
825
832
837
843
850
857
864
869
882
892
901
908
920
927
932
944
947
951
954
958
962
968
976
986
990
994
1003
1011
1017
1030
1042
1048
1060
1063
1066
1073
1080
1085
1089
1093
1096
1103
1107
1112
1119
1124
1131
1137
1143
1150
1158
1162
1168
1174
1184
1192
1198
1204
1214
1222
1230
1240
1243
1252
1265
1273
1276
1282
1291
1298
1309
1313
1322
1328
1331
