2
10
14
23
32
37
46
50
56
57
63
70
76
82
91
98
106
113
116
125
130
137
141
147
150
155
157
167
171
180
189
197
202
206
211
216
220
228
239
247
254
256
260
263
269
277
285
291
300
309
316
321
330
341
346
356
361
366
375
381
390
400
412
419
447
458
466
477
482
496
504
508
511
515
520
527
545
550
559
569
573
584
593
604
611
617
629
635
647
652
662
668
674
679
686
697
705
710
723
731
737
747
757
765
776
782
789
800
812
825
833
838
848
858
865
877
888
892
899
903
908
918
930
937
942
956
965
970
979
988
995
1002
1010
1020
1025
1030
1041
1043
1049
1054
1064
1072
1078
1085
1098
1106
1118
1124
1134
1148
1163
1170
1178
1185
1202
1210
1216
1222
1236
1247
1261
1275
1285
1295
1304
1311
1323
1329
1333
1339
1349
1356
1364
1375
1387
1393
1400
1406
1412
1424
1432
1434
1451
1457
1462
1468
