0
5
10
14
24
32
37
48
55
63
66
71
77
83
93
99
103
114
123
127
134
139
149
157
162
171
179
189
204
214
222
233
239
243
256
264
266
269
272
276
282
287
293
296
310
314
316
318
320
326
331
338
341
360
362
369
372
390
395
404
413
422
425
429
440
447
449
463
469
475
481
486
494
501
512
517
522
528
534
541
545
552
562
569
573
577
581
586
592
598
604
607
615
621
625
630
636
639
647
651
657
661
666
668
671
678
681
685
686
689
691
694
702
706
709
716
719
723
732
734
737
741
746
750
756
760
771
774
779
786
793
801
806
809
816
822
828
831
835
847
854
857
