2
10
14
23
33
43
51
58
69
83
93
103
108
122
132
136
144
150
157
176
184
201
218
222
231
239
243
250
260
270
279
282
287
300
310
319
325
336
347
356
368
372
386
392
397
404
416
423
436
444
452
460
470
482
498
499
500
503
507
514
519
529
540
544
546
552
557
561
565
570
575
584
591
596
598
606
612
618
623
630
639
647
651
657
663
673
676
680
684
688
692
701
707
716
723
727
734
745
751
761
766
775
785
795
800
812
821
827
832
844
852
860
870
876
886
894
905
912
917
927
939
945
952
961
967
970
974
979
987
990
991
998
1006
1016
1028
1040
1048
1050
1062
1067
1075
1080
1086
1094
1098
