2
12
15
18
24
32
40
52
59
69
72
77
81
87
91
93
95
100
107
112
115
120
132
144
147
152
156
165
171
176
179
183
186
193
197
201
204
207
214
218
223
227
236
240
245
248
261
267
276
283
290
295
297
301
309
316
325
333
344
351
361
367
372
377
383
389
406
413
419
429
437
444
453
458
462
471
476
480
484
495
503
511
524
529
537
539
548
553
564
573
575
581
589
604
609
612
617
627
635
654
661
667
673
674
679
690
694
703
719
723
736
743
747
751
757
763
767
772
773
776
800
810
812
815
826
829
838
840
841
849
853
860
864
867
882
886
894
898
908
910
915
918
920
927
934
960
989
1013
1019
1040
1044
1053
1056
1061
1065
1067
1071
1085
1089
1094
1101
1117
1121
1124
1142
1165
1171
1218
1224
1226
1236
1242
1249
1256
1270
1276
1289
1294
1300
1306
1315
1323
1327
1335
1342
1345
1355
1367
