0
5
9
18
21
26
33
41
46
48
53
55
60
61
64
73
77
82
85
91
107
117
132
135
138
143
148
156
163
171
180
189
202
212
215
216
220
227
235
239
244
248
254
259
263
266
275
284
287
295
303
306
318
329
340
345
351
364
372
382
388
398
401
413
415
421
422
430
434
440
446
454
459
466
484
496
498
502
514
517
522
532
537
540
544
547
550
554
561
567
574
577
585
592
594
598
601
602
605
613
617
623
630
633
639
640
641
646
652
658
667
670
674
683
692
695
706
715
724
735
740
748
754
758
768
771
782
786
795
804
815
824
835
841
850
853
861
872
883
893
897
899
910
915
926
928
933
936
939
940
945
949
956
959
965
967
971
983
990
996
998
1008
1011
1014
1024
1027
1034
1041
1043
1044
1050
1053
1064
1074
1078
1086
1091
1102
1110
1119
1136
1145
1157
1161
1168
1173
1182
1185
1194
1196
1200
1210
1217
1237
1245
1260
1264
1269
1275
1283
1290
1294
1298
