0
5
9
13
16
37
44
52
73
77
81
86
95
103
113
124
133
137
144
149
156
158
166
168
176
189
196
203
207
212
222
225
228
234
239
242
250
252
261
267
270
273
282
284
289
298
303
306
326
339
348
358
362
365
370
374
380
391
395
403
413
416
422
433
438
450
458
470
480
482
490
499
502
510
515
528
530
538
544
547
552
563
579
585
590
596
603
607
621
626
634
646
666
673
678
689
692
701
713
720
730
734
740
748
752
754
762
771
781
796
806
808
814
824
829
833
835
843
848
852
862
866
871
883
889
892
899
903
916
933
937
939
948
954
959
973
979
984
994
1000
1010
1015
1021
1027
1030
1033
1042
1054
1057
1068
1079
1087
1103
1107
1116
1120
1124
1132
1137
1142
1144
1148
1158
1171
1173
1184
1194
1198
1216
1223
1227
1238
1244
1252
1254
1260
1268
1277
1280
1287
1290
1306
1312
1324
1334
1346
1353
1358
1363
1372
1383
1388
1391
1397
1401
1432
1457
1464
1470
1478
1491
1497
1502
1512
1517
1526
1538
1541
1543
1548
1556
1564
1569
1581
1583
1591
1600
1615
1620
1632
1641
1649
1653
1673
1676
1680
1684
1690
1698
1706
1712
1720
1727
1731
1740
1748
1756
1759
1763
1769
1775
1778
1787
1790
1797
1805
1809
1814
1822
1831
1841
1843
1849
1864
1872
1878
1881
1891
1900
1912
1914
1919
1925
1932
1937
1943
1956
1960
1963
1971
1976
1977
1992
2000
2015
2020
2031
2037
2045
2054
2060
2063
2068
2073
2093
2101
2106
2116
2119
2125
2131
2135
2152
2154
2155
