0
5
9
12
16
23
43
48
57
61
64
71
76
79
83
94
99
108
111
120
127
131
138
143
147
152
156
162
168
172
181
185
190
195
200
208
215
223
234
241
248
251
259
263
269
278
283
293
299
306
314
320
325
330
337
349
355
364
374
381
387
392
396
404
410
416
420
427
433
442
449
453
459
465
477
486
494
500
507
515
521
529
536
553
560
565
568
572
578
586
591
597
601
605
614
617
621
624
636
639
648
654
661
667
671
677
681
684
693
705
712
716
723
729
738
742
750
753
760
765
774
782
787
791
798
804
809
813
819
831
841
850
860
867
875
882
884
891
895
899
904
908
911
916
922
927
933
935
939
944
950
957
962
966
969
976
981
990
1000
1004
1008
1017
1021
1029
1035
1040
1048
1053
1061
1069
1079
1086
1092
1098
1106
1108
1119
1123
1132
1136
1140
1144
1149
1156
1165
1172
1175
1179
1183
1189
1196
1202
1207
1215
1221
1225
1231
1237
1240
1244
1249
1261
1268
1277
1284
1290
1296
1301
1308
1318
1324
1332
1341
1345
1350
1354
1358
1362
1367
1372
1378
1382
1387
1392
1398
1401
1406
1414
1419
1425
1431
1437
1442
1448
1453
1459
1465
1471
1475
1487
1496
1500
1504
1514
1520
1525
1531
1536
1542
1546
1554
1562
1571
1575
1579
1586
1591
1596
1599
1602
1607
1613
1623
1627
1635
1644
1647
1652
1660
1664
1669
1674
1682
1685
1691
1699
1704
1713
1717
1721
1727
1738
1743
1748
1756
1762
1771
1779
1783
