1
9
10
13
16
22
31
36
48
57
62
65
72
82
86
92
98
107
109
118
122
128
134
146
148
151
157
163
165
170
177
182
185
200
202
206
212
220
224
231
240
248
255
260
266
271
278
284
290
308
312
321
331
338
347
359
371
382
391
403
411
417
428
435
439
454
463
469
477
478
483
488
495
501
505
513
515
519
532
536
547
554
559
564
572
579
586
594
604
615
620
627
634
643
651
654
662
671
682
689
696
702
707
710
713
716
727
737
746
747
750
753
767
772
785
788
797
808
812
817
826
830
834
843
851
871
881
884
892
896
898
902
912
916
921
926
936
943
949
955
962
971
977
982
990
992
1002
1008
1014
1019
1024
1031
1037
1047
1066
1074
1087
1099
1107
1116
1126
1134
1141
1149
1162
1170
1186
1194
1200
1207
1210
1217
1222
1236
1243
1253
1261
1271
1279
1292
1297
1307
1320
1328
1331
1343
1357
1367
1378
1393
1401
1411
1420
1426
1440
1446
1457
1464
1470
1477
1483
1490
1497
1507
1518
1527
1535
1547
1562
1571
1574
1586
1590
1602
1607
1617
1623
1632
1638
1649
1655
1665
1671
1678
1683
1686
1690
1700
1709
1716
1722
1735
1742
1751
1758
1766
1774
1777
1782
1789
1799
1804
1814
1821
1829
1846
1861
1864
1873
1883
1886
1897
1912
1925
1927
1942
1954
1962
1968
1971
1978
1987
1995
2001
2012
2019
2029
2044
2059
2064
2070
2085
2091
2102
2108
2114
2122
2129
2138
2145
2157
2164
2176
2181
2192
2205
2213
2218
2226
2241
2252
2258
2264
2271
2280
2284
