2
11
15
20
28
32
39
46
49
54
58
64
67
70
75
79
84
89
93
100
103
106
110
116
121
127
131
137
142
146
150
156
158
163
168
174
177
182
190
198
208
216
221
224
230
233
236
238
244
246
251
256
261
264
268
271
278
281
289
294
298
302
307
315
323
331
339
346
357
365
374
381
387
391
398
405
409
411
415
419
424
427
434
438
441
444
448
454
458
464
473
479
483
487
490
494
497
504
508
513
522
526
531
536
542
549
553
559
564
572
576
580
584
586
590
594
597
601
604
609
612
619
624
626
631
635
642
644
652
656
658
664
671
673
676
682
685
694
709
714
723
726
733
754
758
761
766
770
777
784
792
799
809
825
833
841
851
863
870
876
881
883
892
897
906
913
928
930
936
942
945
968
979
987
994
999
1018
1022
1038
1054
1066
1070
1082
1093
1101
1118
1141
1178
1182
1187
1203
1219
1233
1235
1257
1265
1273
1281
1282
1296
1299
1305
1313
1316
1321
1328
1340
1344
1356
1375
1384
1403
1421
1441
1445
1448
1468
1476
1492
1502
1512
1515
1521
1537
1544
1548
