2
14
20
24
31
38
41
48
54
65
74
83
86
95
98
105
111
128
136
138
150
156
160
171
178
182
185
192
205
211
218
225
236
240
245
252
260
267
277
283
286
293
298
303
306
315
323
327
332
343
350
359
362
370
379
390
396
404
410
420
433
445
451
456
459
466
472
480
490
499
506
510
521
528
542
545
552
558
569
578
585
590
594
602
612
619
623
630
637
644
648
659
667
672
675
679
689
695
697
704
709
714
718
722
729
734
742
745
751
755
761
768
775
779
783
787
794
797
802
812
817
823
826
832
835
840
848
851
854
861
867
871
880
891
898
901
907
912
919
923
927
933
940
951
955
963
971
983
988
995
998
1002
1007
1011
1015
1022
1026
1032
1042
1046
1058
1065
1077
1083
1091
1095
