0
10
15
19
23
29
40
46
47
59
67
78
83
91
94
98
104
107
109
114
127
130
139
146
151
158
169
174
180
185
189
192
202
204
206
212
218
221
227
233
241
255
258
270
282
300
311
320
331
345
357
362
368
373
385
393
398
405
420
433
445
456
469
473
484
491
505
512
520
534
540
548
558
560
564
572
588
598
603
609
617
622
629
641
652
661
669
674
685
692
702
711
720
729
737
746
754
763
776
781
786
798
804
813
817
826
839
849
856
865
870
879
887
892
900
905
912
931
937
942
956
966
971
980
993
1004
1013
1031
1040
1049
1056
1062
1067
1071
1076
1081
1090
1094
1105
1117
1127
1136
1140
1147
1161
1171
1181
1191
1193
1196
1199
1204
1217
1226
1239
1251
1259
1264
1268
1273
1278
1293
1304
1311
1316
1325
1331
1339
1345
1354
1375
1384
1389
1402
1406
1412
1417
1427
1434
