0
5
9
11
17
23
24
29
37
44
48
56
61
68
70
78
80
87
96
109
113
120
124
133
146
151
156
163
165
174
178
186
191
197
206
211
212
219
225
228
232
237
243
245
250
255
265
269
274
281
282
294
306
315
317
326
333
334
341
349
352
362
367
375
376
384
393
403
416
423
426
432
438
448
458
465
472
483
488
492
496
498
502
506
514
520
526
531
537
543
547
554
560
564
572
576
583
587
600
601
603
607
609
626
631
634
636
639
644
649
657
661
668
674
676
680
682
687
690
695
701
704
707
710
718
726
728
733
734
739
741
748
752
760
766
770
772
778
781
786
789
795
803
805
808
816
827
834
837
845
847
857
860
868
873
878
882
886
891
898
901
903
905
907
912
915
921
931
940
944
955
961
966
972
976
978
981
986
991
993
996
1001
1007
1010
1019
1023
1028
1034
1043
1049
1050
1059
1066
1067
1074
1086
1092
1100
1119
1129
1134
1138
1145
1151
1158
1162
1167
1176
1184
1189
1197
1200
1206
1217
1231
1236
1238
1242
1244
