0
11
23
32
40
49
56
81
86
88
97
100
112
121
127
157
165
185
189
196
208
216
227
238
249
265
276
281
292
310
320
329
334
339
347
355
365
373
381
391
393
400
405
413
424
433
447
457
460
464
469
477
479
486
491
499
508
511
517
521
527
529
531
543
548
557
562
567
574
580
587
595
599
603
613
621
630
633
639
646
658
669
676
681
683
691
696
705
712
721
723
728
732
741
746
755
761
766
774
781
789
794
802
814
816
820
827
833
839
847
853
856
868
877
881
888
894
900
908
921
929
939
950
958
968
973
981
990
993
995
1002
1006
1014
1020
1026
1034
1038
1041
1044
1046
1050
1063
1069
1078
1084
1096
1100
1105
1113
1115
1120
1125
1129
1135
1139
1144
1152
1156
1164
1171
1174
1181
1186
1192
1203
1210
1216
1224
1227
1234
1236
1244
1250
1255
1257
1259
1266
1272
1284
1289
1297
1303
1308
1319
1325
1336
1349
1364
1365
