0
12
16
19
29
38
47
53
65
72
77
86
92
97
101
110
115
120
130
142
150
152
159
167
173
180
187
190
194
200
205
210
218
231
239
241
245
251
255
260
264
268
275
280
286
290
295
301
307
312
316
326
329
335
341
345
350
357
359
363
370
376
381
386
391
397
405
411
422
428
431
436
442
446
452
457
462
468
476
481
485
490
499
503
510
515
519
522
526
529
536
544
548
551
558
561
566
571
576
582
585
587
591
595
602
611
616
622
627
634
641
645
651
658
670
678
683
687
691
698
706
715
723
731
738
746
755
760
767
775
782
788
795
801
810
814
818
823
831
841
846
862
866
876
881
884
889
892
895
899
903
912
916
923
928
936
943
946
954
968
974
979
988
994
996
1001
1007
1013
1018
1026
1029
1035
1051
1062
1066
1071
1077
1083
1095
1098
1105
1110
1112
