2
9
10
14
27
35
42
47
54
61
68
73
80
87
93
99
105
114
120
125
130
135
144
153
164
170
174
186
194
201
206
217
225
236
242
251
261
268
275
286
293
298
302
306
311
318
325
336
339
345
351
359
364
370
373
380
384
388
395
402
405
411
420
429
439
449
455
463
470
474
481
485
496
508
520
524
534
545
553
560
567
577
588
593
602
611
616
624
631
637
644
648
658
667
671
675
682
694
698
709
714
721
732
738
746
753
759
763
767
776
790
797
809
822
829
841
848
855
860
862
869
878
885
890
898
903
907
916
923
926
930
938
943
948
951
955
960
963
972
979
990
994
1007
1013
1022
1027
1032
1040
1048
1057
1068
1077
1086
1092
1098
1106
1107
1110
1114
1122
1135
1145
1155
1156
1159
1164
1171
1180
1186
1190
