0
5
9
17
22
29
34
36
42
46
48
54
60
68
74
82
95
108
110
116
119
126
132
142
149
153
159
165
172
177
185
197
204
206
208
215
221
226
232
236
244
250
255
261
268
273
277
284
287
299
310
314
318
321
328
336
343
346
350
355
364
372
380
388
397
402
406
415
421
427
435
441
447
452
460
471
475
480
487
496
504
508
517
522
528
537
550
555
560
565
573
587
595
600
606
614
625
627
635
646
654
664
669
672
677
681
692
698
704
711
717
724
730
734
738
740
746
750
754
760
769
774
779
785
794
805
807
810
815
822
831
836
842
851
854
