2
13
16
26
38
51
54
62
70
78
86
96
99
102
111
115
122
129
134
139
149
154
157
161
173
177
189
200
206
210
215
219
223
230
234
240
243
247
256
263
267
270
274
292
302
305
316
321
328
338
350
354
356
366
375
384
387
393
396
404
409
416
430
441
443
449
455
460
471
479
484
493
507
514
522
531
542
549
553
563
566
570
576
593
598
601
606
611
621
625
638
648
662
675
685
694
713
715
721
730
738
742
748
749
751
757
759
761
767
769
773
781
786
791
805
811
816
828
831
835
840
843
850
854
862
866
869
880
886
891
895
899
903
906
914
921
928
938
942
949
955
961
971
976
982
987
993
999
1009
1013
1020
1027
1030
1035
1045
1056
1063
1070
1078
1084
1090
1095
1105
1111
1124
1133
1139
1145
1149
