2
9
10
12
17
19
25
32
34
43
46
54
58
65
74
80
93
100
109
114
122
129
137
144
150
153
158
161
169
180
184
189
196
199
202
208
213
217
222
226
232
237
241
246
248
251
253
261
267
269
275
277
285
286
291
296
304
306
311
318
322
325
327
331
340
345
360
369
371
377
380
382
390
396
402
408
415
423
432
439
448
453
457
459
469
477
486
491
499
504
509
518
528
535
542
549
555
563
565
575
581
586
596
603
611
612
618
623
630
635
645
657
662
668
671
675
680
685
689
696
702
709
711
722
727
731
738
744
749
755
765
771
776
783
791
797
805
810
817
825
839
845
849
858
862
868
873
881
886
900
905
910
921
934
937
948
952
960
967
974
982
988
992
995
1004
1015
1023
1031
1040
1053
1057
1067
1075
1080
1085
1091
1098
1102
1107
1110
1120
1124
1133
1147
1154
1162
1169
1173
1179
1185
1192
1201
1209
1217
1230
1234
1239
1246
1255
1261
1263
1273
1278
1284
1291
1301
1303
1310
1321
1325
1330
1334
1340
1353
1360
1369
1373
1381
1388
1396
1404
1415
1425
1434
1439
1449
1453
1465
1474
1485
1490
1500
1506
1514
1520
1528
1533
1542
1551
1560
1568
1575
1584
1589
1601
1609
1614
1619
1626
1640
1650
1654
1663
1670
1678
1691
1694
1703
1707
1714
1718
1726
1731
1733
1739
1744
1750
1754
1761
1766
1770
