2
10
13
17
24
33
39
49
55
65
72
77
91
94
100
102
105
112
117
121
125
133
138
143
155
162
165
172
182
187
201
208
214
219
225
229
237
240
247
254
259
266
273
275
283
297
301
310
315
321
330
335
340
346
352
356
359
366
369
372
377
383
392
398
407
413
421
427
435
445
454
462
466
472
479
486
492
503
507
515
519
525
530
543
551
567
579
589
594
597
602
606
615
622
631
636
645
649
652
654
667
672
678
683
690
695
703
710
717
723
729
735
747
757
765
776
784
801
805
817
820
826
832
836
843
849
856
867
880
884
890
902
910
915
921
925
928
931
938
941
948
955
967
973
976
985
994
998
1006
1016
1020
1025
1029
1034
1041
1049
1057
1060
1068
1075
1082
1092
1096
1097
1102
1106
1115
1121
1127
1130
1133
1136
1140
1152
1163
1167
1171
1174
1179
1185
1196
1210
1217
1220
1224
1230
1239
1248
1255
1257
1265
1270
1282
1287
1291
1297
1303
1309
1316
1324
1329
1335
1341
1352
1360
1373
1380
1387
1395
1399
1411
1417
1418
1422
1426
1439
1454
1459
1467
1475
1484
1490
1497
1501
1511
1518
1530
1535
1541
1546
1557
1564
1570
1580
1586
1596
1599
1608
1615
1622
1633
1639
1648
1651
1655
1662
1668
1676
1696
1703
1711
1719
1724
1734
1743
1745
1750
1751
1758
1761
1764
1771
1782
1789
1795
1800
1806
1819
1823
1829
1831
1839
1846
1848
1852
1859
1864
1868
1875
1880
1884
1888
1895
1903
1906
1913
1919
1925
1943
1961
1968
1977
1991
1997
2008
2010
2017
2028
2037
2047
2056
2060
2069
2072
2087
2099
2110
2117
2131
2150
2154
2158
2160
2165
2173
2181
2187
2194
2206
2211
2217
2222
2231
2239
2246
2252
2260
2262
2266
2269
2277
2285
2288
2295
2298
2305
2312
2319
2321
2327
2336
2343
2355
2364
2368
2372
2385
2390
2394
2400
2409
2416
2423
2430
2441
2445
2447
2452
2455
2456
