0
14
21
27
34
38
44
49
60
76
86
96
108
116
125
135
140
147
151
155
164
172
176
183
185
190
196
200
207
211
214
223
229
238
252
256
263
272
277
292
303
314
322
328
332
339
345
350
359
364
369
378
386
394
397
412
419
424
435
441
452
460
469
478
486
492
497
501
505
510
515
520
529
537
540
547
557
565
575
585
588
590
600
609
614
619
627
631
638
643
647
651
655
658
660
666
671
674
678
683
689
697
706
711
714
724
727
732
737
740
746
752
761
767
769
776
782
787
792
796
801
805
808
815
819
821
828
836
841
846
851
860
864
868
874
883
887
893
900
907
911
915
921
927
937
942
950
956
965
971
974
979
985
989
995
1001
1004
1010
1017
1021
1028
1033
1036
1043
1047
1052
1057
1059
1064
1068
1070
1076
1081
1084
1094
1103
1106
1113
1122
1129
1133
1141
1150
1159
1163
1168
1173
1176
1184
1190
1193
1201
1207
1210
1214
1216
1220
1225
1229
1232
1239
1246
1251
1253
1261
1266
1278
1284
1287
1293
1304
1310
1313
1318
1325
1332
1338
1342
1347
1353
1361
1369
1375
1382
1391
1398
1404
1413
1416
1419
1423
1426
1436
1439
1445
1450
1455
1459
1465
1471
1482
1491
1500
1502
1505
1513
1520
1526
1532
1539
1548
1552
1560
1564
1569
1576
1581
1586
1593
1602
1612
1617
1626
1638
1639
1642
1649
1658
1660
1668
1673
1675
1681
1685
1690
1695
1700
1704
1711
1716
1718
1723
1727
1738
1740
1747
1755
1759
