0
5
9
11
16
21
28
36
48
53
59
65
72
79
82
89
102
110
118
126
135
142
148
155
164
177
190
201
211
223
227
233
240
245
252
257
261
270
278
284
287
295
300
313
321
324
332
334
336
342
353
357
361
368
377
380
385
391
398
402
406
411
416
425
429
433
441
445
458
461
467
470
476
484
487
500
504
509
518
530
541
548
556
562
576
582
587
596
605
607
609
613
617
623
628
633
641
646
654
660
666
672
679
687
694
708
714
722
732
741
748
751
760
768
777
784
791
793
797
802
808
812
816
818
824
835
844
848
855
859
869
873
876
880
882
885
890
899
906
911
920
924
933
937
946
955
961
973
975
981
988
997
1002
