0
17
22
28
53
60
71
75
80
87
90
96
99
109
116
133
142
150
158
164
173
182
191
201
204
212
218
226
232
240
256
263
267
277
286
296
307
317
327
337
353
359
364
372
380
387
393
395
400
416
426
436
443
449
459
463
470
479
487
495
507
518
534
547
552
557
563
579
587
596
603
608
614
620
634
639
644
650
655
664
672
683
693
697
699
707
713
719
728
743
752
756
761
772
780
794
801
809
817
827
837
842
855
860
864
867
878
885
892
898
903
912
921
925
930
934
936
943
951
957
971
976
981
988
995
998
1010
1012
1014
1018
1029
1036
1047
1052
1056
1063
1075
1085
1091
1096
1102
1108
1112
1123
1132
1134
1136
1140
1144
1156
1162
1170
1179
1187
1196
1206
1213
1215
1221
1227
1235
1241
1254
1257
1266
1272
1280
1284
1291
1294
1298
1301
1305
1316
1329
1335
1337
1340
1341
1349
1352
