0
10
13
15
30
36
43
52
59
64
70
76
86
92
97
108
116
127
133
137
140
147
158
164
170
179
185
193
201
208
214
225
234
241
249
259
268
277
284
294
298
311
314
319
326
336
342
344
350
359
366
373
380
386
394
399
407
413
416
422
430
436
445
449
456
459
467
475
478
491
495
501
510
513
518
526
535
543
552
557
564
570
577
591
594
601
603
609
616
619
627
637
640
645
651
655
659
665
671
673
678
688
690
696
706
707
716
718
721
727
731
738
746
748
751
756
765
779
784
790
799
806
813
820
825
836
842
855
866
869
876
880
887
895
901
904
917
919
923
