17
21
28
36
45
55
63
67
75
85
99
101
108
117
124
128
133
135
139
143
150
156
167
176
184
190
196
203
210
215
220
230
240
245
248
250
263
266
276
281
287
295
300
305
310
317
322
327
331
340
344
352
363
367
378
387
394
404
411
422
428
434
436
439
445
449
454
466
473
479
487
493
501
511
519
530
539
547
558
566
570
581
585
590
598
608
616
622
626
627
631
638
643
648
653
659
661
670
678
682
687
690
693
703
705
709
718
721
726
731
736
742
750
757
763
767
773
775
780
790
797
808
815
824
833
842
848
852
859
867
874
886
892
900
906
911
917
924
932
939
943
945
948
952
954
960
970
984
991
994
1000
1004
1008
1014
1021
1035
1040
1046
1050
1054
1066
1070
1076
1083
1087
1094
1108
1112
1119
1125
1136
1147
1155
1160
1171
1182
1192
1199
1204
1209
1223
1235
1242
1247
1261
1267
1274
1282
1289
1294
1303
1310
1314
1322
1327
1333
1338
1346
1352
1356
1360
1365
1369
1375
1382
1388
1395
1398
1408
1418
1426
1433
1438
1452
1456
1471
1476
1483
1492
1498
1508
1517
1521
1530
1539
1544
1552
1559
1570
1581
1590
1599
1608
1615
1623
1632
1640
1649
1656
1662
1673
1675
1690
1703
1714
1719
1723
1725
1729
1743
1748
1757
1766
1777
1784
1791
1797
1808
1814
1820
1825
1828
1837
1840
1847
1851
1862
1866
1875
1880
1890
1900
1904
1910
1914
1918
1925
1932
1937
1942
1949
1958
1966
1970
1975
1987
2004
2010
2013
2021
2028
2036
2043
2054
2064
2074
2081
2083
2086
2096
2100
2103
2110
2119
2126
2136
2140
2145
2147
2151
2156
2167
2171
2177
2182
2186
2190
2194
2199
2210
2217
2225
2238
2244
2247
2254
2259
2265
2271
2277
2284
2289
2299
2306
2309
2316
2323
2331
2348
2355
2363
2373
2381
2387
2392
2401
2410
2421
2423
2437
2444
2458
2460
2471
2477
2483
2490
2496
2497
2509
2519
2523
2541
2549
2559
2572
2578
2586
2595
2604
2612
2619
2626
2635
2639
2648
2653
2659
2666
2676
2687
2699
2705
2709
2718
2730
2752
2755
2765
2777
2787
2791
2806
2820
2847
2854
2862
2877
2882
2890
2896
2903
2915
2926
2944
2958
2963
2970
2974
2981
2991
3018
3023
3033
3047
3065
3073
3081
3103
3109
3113
3120
3124
3128
3131
3134
3137
3141
3149
3152
3156
3159
3163
3168
3175
3179
3184
3186
3189
3197
3202
3208
3214
3227
3230
3235
3237
3240
3252
3260
3263
3267
3270
3278
3281
3285
3292
3300
3305
3310
3316
3320
3324
3331
3335
3340
3347
3353
3359
3364
3369
3376
3381
3386
3394
3398
3406
3413
3419
3427
3431
3441
3446
3453
3459
3465
3469
3470
3475
3484
3489
3498
3502
3506
3512
3515
3527
3530
3541
3554
3558
3564
3573
3583
3590
3598
3610
3621
3628
3640
3644
3658
3666
3675
3685
3688
3693
3706
3717
3725
3729
3733
3735
3744
3747
3756
3759
3766
3772
3774
3777
3786
3792
3800
3808
3816
3825
3836
3842
3847
3854
3864
3872
3873
3876
3883
3888
3895
3900
3901
3907
3913
3920
3930
3936
3940
3944
3948
3950
3955
3962
3973
3981
3986
3988
3996
3998
4004
4007
4011
4023
4027
4036
4041
4043
4045
4047
4052
4054
4060
4069
4075
4081
4083
4086
4091
4097
4105
4108
4112
4118
4123
4131
4134
4139
4143
4145
4148
4152
4158
4164
4168
4173
4176
4183
4186
4187
4193
4195
4199
4206
4214
4220
4226
4238
4245
4253
4255
4260
4266
4272
4277
4282
4292
4294
4299
4309
4313
4319
4322
4334
4340
4346
4353
4359
4365
4370
4377
4380
4386
