0
5
9
12
16
28
40
42
47
54
61
68
79
91
105
113
120
133
146
157
167
168
174
188
195
200
213
218
227
235
240
247
250
254
258
266
274
283
289
295
301
306
310
316
321
326
331
341
348
356
361
368
376
378
391
404
409
417
424
435
443
450
461
468
481
486
497
511
520
528
534
544
553
561
572
579
585
591
598
610
614
619
628
634
638
641
647
651
656
660
664
671
677
684
690
693
699
703
708
712
723
733
738
743
750
757
765
773
782
791
796
800
805
812
817
823
828
837
842
850
863
872
879
884
893
897
904
912
919
931
936
947
958
968
981
986
994
997
1009
1020
1026
1032
1039
1043
1046
1048
1057
1063
1073
1084
1097
1099
