0
5
9
14
22
29
37
42
48
52
54
60
65
72
78
82
89
98
102
109
116
120
129
140
144
148
152
164
175
185
192
201
207
214
221
227
234
239
246
257
267
280
283
287
293
297
305
316
322
324
329
334
339
345
356
360
363
371
376
383
389
393
397
406
424
431
434
440
442
447
454
461
470
476
485
492
499
506
511
514
519
527
536
540
542
545
549
556
566
573
585
591
597
604
609
618
623
633
640
644
652
656
664
669
673
678
685
687
698
702
709
713
720
724
728
736
742
749
754
758
761
767
775
781
783
788
797
809
816
822
828
835
842
849
855
860
866
868
881
886
895
902
909
914
928
930
933
942
948
955
960
963
971
982
985
990
992
998
1004
1007
1015
1022
1027
1034
1037
1045
1052
1059
1065
1069
1072
1078
1085
1089
1098
1105
1112
1118
1124
1136
1142
1148
1152
1160
1169
1174
1182
1184
1192
1195
1199
1206
1209
1216
1222
1227
1236
1243
1248
1253
1260
1267
1274
1276
1283
1289
1297
1306
1315
1325
1330
1340
1343
1346
1353
1356
1364
1371
1375
1382
1388
1400
1408
1414
1418
1426
1431
1435
1446
1458
1469
1475
1481
1487
1492
1495
1502
1506
1510
1516
1524
1530
1535
1541
1549
1554
1564
1572
1580
1586
1594
1603
1617
1631
1636
1649
1653
1662
1673
1681
1691
1694
1703
1705
