2
14
18
21
24
27
42
44
47
51
53
55
58
66
70
74
78
82
88
91
95
100
104
111
117
124
131
138
142
146
153
163
170
177
182
187
193
201
205
210
216
219
224
226
232
241
249
259
271
290
294
300
301
305
311
316
326
331
334
342
347
351
358
365
369
373
377
382
387
392
398
401
403
411
418
425
428
434
444
447
454
460
465
467
474
483
488
489
498
508
510
521
523
527
531
536
538
543
551
557
565
571
574
580
586
591
596
603
607
610
617
620
624
627
630
634
635
639
644
649
655
660
665
669
675
679
683
693
698
704
711
717
727
738
746
751
756
759
764
766
772
778
783
792
795
802
812
817
831
838
845
850
853
854
861
872
883
892
900
903
917
920
922
929
945
950
956
960
962
976
979
983
988
990
992
993
1000
1002
1008
1012
1017
1027
1039
1043
1048
1051
1061
1067
1070
1074
1082
1084
1088
1090
1093
1097
1100
1104
1110
1118
1129
1136
1144
1147
1149
1156
1166
1169
1176
1182
1187
1190
1191
1196
1201
1206
1209
1211
1214
1219
1226
1231
1234
1238
1245
1248
1255
1262
1267
1273
1282
1297
1309
1315
1322
1329
1342
1346
1353
1358
1370
1375
1384
1390
1396
1404
1407
1409
1426
1430
