0
9
13
18
21
28
31
36
40
42
48
53
59
69
79
90
95
98
102
104
107
110
119
124
130
138
145
150
156
162
171
175
179
195
197
201
207
212
215
223
232
237
242
250
257
262
272
277
290
297
303
308
311
319
325
334
341
344
351
355
361
371
375
382
386
392
396
404
408
412
417
422
428
433
438
443
450
455
463
473
476
481
488
494
499
502
506
510
513
520
530
536
541
545
552
557
563
569
573
578
582
592
599
618
630
638
644
649
654
662
668
672
674
680
684
690
697
708
712
714
723
726
730
734
737
740
745
753
766
770
781
783
788
791
793
796
802
809
815
818
820
824
828
838
841
845
853
860
866
873
890
895
903
906
911
915
919
927
939
945
951
955
960
964
969
974
982
988
992
995
1001
1006
1011
1015
1022
1031
1034
1041
1045
1049
1053
1061
1069
1082
1087
1099
1106
1112
1115
1118
1124
1127
1135
1141
1144
1151
1159
1165
1169
1182
1189
1194
1200
1203
1208
1212
1215
1224
1228
1231
1235
1240
1252
1256
1260
1262
1265
1275
1280
1289
1321
1326
1333
1342
1349
1360
1364
1372
1385
1389
1400
1407
1411
1421
1439
1443
1451
1460
1467
1475
1482
1489
1497
1502
1510
1512
1518
1524
1532
1541
1545
1550
1565
1573
1579
1587
1592
1603
1609
1616
1619
1627
1638
1646
1651
1657
1666
1673
1677
1685
1692
1702
1707
1714
1726
1733
1739
1747
1755
1763
1769
1780
1787
1796
1804
1812
1819
1822
1829
1838
1846
1856
1860
1864
1868
1878
1887
1897
1904
1907
1915
1922
1927
1932
1945
1957
1969
1978
1983
1991
2003
2008
2011
