0
5
9
12
16
22
27
30
40
47
53
56
59
69
75
79
81
91
96
102
106
108
116
121
124
132
140
145
148
155
163
169
175
183
188
192
199
205
211
215
219
223
229
234
242
248
254
260
267
272
279
290
294
301
307
314
323
334
338
348
351
357
365
371
378
383
387
394
400
403
407
411
419
423
430
435
439
447
456
461
465
469
475
479
484
492
497
506
510
520
526
533
540
551
558
563
566
575
578
581
584
591
596
601
608
612
617
623
629
634
642
650
659
666
671
683
692
698
707
712
716
721
729
735
745
754
760
771
777
783
788
793
797
805
810
818
822
829
833
838
843
849
853
859
868
882
888
894
898
902
907
911
916
922
930
939
942
945
951
959
964
970
976
982
989
997
999
1008
1015
1021
1026
1031
1036
1043
1048
1053
1059
1066
1074
1079
1083
1087
1094
1099
1102
1107
1115
1120
1132
1141
1152
1159
1169
1172
1176
1182
1187
1198
1201
1210
1217
1232
1239
1246
1247
1252
1262
1268
1272
1280
1285
1288
1293
1300
1305
1310
1318
1326
1329
1340
1345
1359
1363
1371
1381
1385
1392
1395
1404
1407
1413
1417
1426
1428
1433
1440
1448
1453
1459
1466
1473
1478
1488
1496
1502
1508
1513
1523
1530
1535
1542
1550
1555
1561
1568
1571
1575
1579
1584
1597
1605
1607
1613
1628
1635
1641
1645
1663
1668
1675
1680
1681
1685
