2
9
11
13
24
38
41
48
54
58
65
73
79
85
89
98
104
109
117
124
131
138
141
147
162
168
179
187
194
200
208
214
222
228
230
238
248
256
262
269
283
289
291
299
302
304
311
321
326
337
339
344
354
360
368
378
388
398
401
403
410
413
416
422
440
450
454
461
464
469
475
482
487
494
499
500
502
512
519
526
534
545
548
553
561
571
574
579
581
586
592
599
605
608
613
619
623
630
637
645
649
654
659
664
670
680
684
688
692
695
697
704
708
717
720
724
729
732
736
744
752
756
758
768
777
785
794
805
813
816
823
828
837
843
847
851
858
864
871
872
