0
5
9
11
14
23
32
35
40
41
47
52
55
56
58
63
68
74
80
84
93
99
102
105
106
109
114
118
122
126
130
134
138
146
151
153
156
161
164
167
170
173
175
183
193
199
202
203
211
214
224
229
235
243
249
255
256
259
261
262
268
272
281
286
291
296
303
311
317
321
323
328
338
341
349
353
362
366
368
370
373
374
377
384
385
389
392
398
409
413
417
421
424
426
430
436
438
444
448
450
457
464
466
470
472
476
479
484
494
495
500
503
506
509
515
520
525
530
533
539
546
549
551
556
561
565
577
588
591
598
599
608
615
619
626
633
637
641
642
647
649
651
654
659
663
670
674
680
684
688
