0
10
11
18
23
31
40
48
54
61
68
71
84
91
96
103
105
113
119
123
132
141
149
151
154
162
169
177
188
192
199
207
216
224
235
239
242
246
255
259
266
269
273
278
282
285
288
296
303
316
320
324
327
334
345
351
358
361
365
369
379
383
391
401
410
414
426
431
440
449
455
467
471
479
484
491
501
504
514
521
531
534
542
549
552
559
565
573
584
594
596
600
608
610
616
623
631
635
640
652
656
662
669
673
681
683
690
696
704
707
718
725
735
741
746
751
755
759
766
774
776
785
794
796
800
806
813
819
823
827
832
840
847
853
855
860
865
872
877
881
891
894
900
906
911
920
926
931
944
946
959
967
970
976
982
989
998
1002
1012
1020
1028
1030
1034
1039
1043
1047
1057
1059
