2
10
13
17
21
27
32
43
48
56
60
70
78
86
91
98
102
110
116
118
125
133
139
144
146
152
155
159
169
173
179
184
188
191
203
208
212
222
227
232
241
247
253
256
267
271
276
279
283
292
299
306
314
321
330
335
345
348
355
361
366
370
374
378
384
389
396
402
406
409
416
419
423
427
433
437
440
445
449
455
457
463
466
475
485
489
498
505
515
524
532
538
543
546
550
553
554
557
560
563
566
573
582
587
590
591
594
598
605
615
621
626
629
636
643
647
653
654
660
667
670
676
686
689
693
696
699
708
716
720
725
730
736
741
746
754
764
777
786
790
797
805
811
814
820
826
837
842
844
847
856
860
864
868
874
880
885
894
897
899
904
913
918
922
928
932
937
942
951
955
964
969
974
978
982
987
999
1006
1017
1027
1034
1037
1046
1049
1056
1061
1070
1077
1085
1087
1092
1095
1098
1102
1112
1119
1125
1131
1137
1139
1150
1153
1160
1163
1167
1173
1178
1183
1185
1190
1194
1197
1201
1208
1216
1221
