2
11
18
20
29
43
55
72
87
100
114
125
134
144
149
156
164
174
188
200
208
216
221
234
256
261
279
283
288
295
298
305
324
336
346
357
378
382
391
401
406
415
419
427
435
442
452
470
483
488
490
500
504
511
517
524
532
536
542
546
551
554
560
570
579
586
594
600
606
614
620
628
635
638
641
647
654
663
673
686
691
698
706
713
721
732
738
747
749
751
756
760
764
773
776
780
787
794
797
799
802
809
816
823
831
839
846
854
867
871
876
880
883
889
894
900
905
909
916
919
929
936
944
947
955
960
968
979
990
996
1009
1017
1022
1030
1038
1045
1052
1055
