0
9
14
17
33
46
56
61
66
70
76
83
95
110
121
130
138
144
155
158
164
168
176
184
192
212
222
230
235
240
246
262
267
273
277
281
294
301
308
318
323
334
342
348
355
364
376
384
389
394
403
412
416
423
449
458
469
471
480
485
492
501
507
518
527
531
535
540
549
558
568
572
584
593
594
601
607
612
621
632
644
651
666
676
681
685
693
705
711
724
730
733
740
750
756
763
768
776
786
795
805
823
832
844
850
857
867
877
886
892
904
914
920
930
936
940
946
948
959
962
966
976
985
987
990
999
1009
1017
1024
1027
1035
1042
1046
1051
1057
1060
1070
1080
1092
1103
1107
1111
1117
1122
1132
1138
1143
1156
1162
1166
1180
1186
1191
1198
1201
1208
1216
1221
1233
1246
1254
1263
1270
1275
1280
1282
1289
1297
1306
1314
1317
1327
1337
1344
1347
1350
1352
1357
1367
1373
1377
1381
1388
1393
1400
1408
1418
1424
1431
1433
1435
1439
1443
1451
1461
1474
1477
1480
1483
1486
1493
1505
1515
1523
1528
1532
1537
1540
1546
1552
1558
1565
1571
1575
1583
1590
1595
1599
1608
1611
1620
1624
1631
1637
1642
1648
1660
1666
1672
1680
1687
1697
1705
1716
1725
1728
1735
1739
1744
1746
1754
1758
1764
1770
1777
1784
1787
1793
1801
1810
1822
1827
1832
1839
1851
1862
1875
1887
1892
1897
1902
1905
1912
1917
1921
1929
1939
1949
1955
1958
