0
11
22
32
35
38
48
60
70
77
85
95
105
110
118
124
139
144
151
155
160
166
177
182
192
201
205
212
215
225
229
234
242
248
254
260
270
275
279
287
292
294
299
303
310
317
327
338
346
353
368
374
380
388
401
407
417
428
432
441
445
452
460
466
471
484
494
505
510
520
522
526
530
531
535
545
552
559
569
572
579
598
603
610
613
615
621
627
631
638
642
647
653
658
668
680
692
701
709
724
730
736
738
746
750
757
764
769
778
787
790
798
808
812
817
825
829
834
839
845
847
851
858
863
868
879
894
900
903
913
917
933
940
945
948
950
955
961
962
975
978
989
995
1000
1007
1014
1020
1022
1030
1034
1041
1046
1048
1058
1064
1067
1070
1073
1074
1076
1077
1083
1087
1089
1096
1104
1111
1117
1127
1130
1133
1142
1155
1160
1165
1181
1186
1195
1201
1208
1221
1226
1227
1236
1240
1241
1247
1253
1258
1265
1267
1270
1285
1292
1300
1303
1307
1309
1312
1316
1319
1325
1327
1332
1338
1345
1348
1354
1356
1360
1365
1366
1370
1372
1379
1386
1392
1394
1407
1412
1416
1425
1435
1439
1446
1455
1465
1467
1470
1480
1485
1491
1499
1505
1510
1517
1522
1527
1530
1535
1548
1554
1561
1564
1569
1575
1585
1591
1594
1607
1611
1615
1618
1621
1624
1629
1637
1642
1653
1661
1671
1678
1683
1689
1700
1705
1706
1711
1714
1717
1730
1733
1743
1745
1748
1753
1759
1760
1762
1773
1775
1782
1790
1803
1816
1822
1827
1833
1842
1848
1854
1858
1866
1869
1873
1877
1882
1889
1894
1901
1907
1911
1918
1931
1940
1944
1948
1958
1966
1978
1990
2001
2009
2013
2024
2030
