2
11
13
16
21
26
30
37
49
52
60
71
79
91
97
105
109
116
122
133
137
141
151
157
163
176
184
190
196
202
208
214
220
227
233
238
245
252
257
261
266
276
282
289
295
301
306
311
318
330
336
340
345
348
352
355
360
362
366
371
373
378
382
385
390
396
402
406
414
422
430
441
452
461
464
480
483
486
492
495
500
502
509
514
519
527
531
540
547
553
557
561
565
569
575
581
587
591
597
601
609
614
619
624
633
635
646
650
653
658
662
667
672
680
686
691
696
705
713
717
720
731
735
739
744
752
763
771
779
792
796
801
811
818
826
831
835
839
844
852
858
870
874
880
888
893
899
902
906
913
922
929
939
947
954
958
969
971
993
1001
1007
1014
1020
1025
1033
1042
1048
1053
1060
1064
1068
1073
1077
1083
1086
1092
1097
1103
1108
1121
1124
1128
1136
1143
1153
1155
1162
1170
1179
1183
1188
1200
1204
1212
1218
1226
1238
1243
1251
1261
1271
1276
1284
1292
1298
1305
1316
1324
1329
1341
1349
1359
1365
1370
1377
1386
1397
1407
1409
1413
1421
1428
1435
1449
1455
1462
1470
1474
1477
1480
1487
1497
1500
1511
1529
1535
1541
1549
1557
1566
1575
1582
1586
1598
1609
1621
1633
1646
1650
1653
1663
1677
1688
1692
1697
1701
1705
1710
1716
1721
1732
1736
1739
1746
1752
1758
1768
1781
1786
1794
1808
1812
1820
1825
1834
1841
1848
1856
1864
1873
1884
1887
1888
1891
1893
1900
1906
1913
1923
1937
1940
