0
5
9
12
15
28
36
42
56
63
68
70
82
89
96
100
109
115
120
130
133
144
146
153
161
169
176
182
189
198
205
211
216
220
231
241
247
252
256
263
271
279
282
287
289
297
300
304
308
318
324
336
342
348
353
356
360
362
365
371
373
378
388
397
408
418
424
426
436
442
452
467
476
485
492
495
505
512
521
527
544
554
557
564
575
581
598
606
614
624
630
640
649
658
677
681
689
699
712
726
732
743
749
756
766
771
779
783
791
803
811
820
828
839
851
860
865
872
881
889
897
907
918
921
930
936
947
955
962
966
974
983
989
998
1003
1013
1022
1025
1035
1040
1047
1055
1063
1079
1092
1096
1104
1112
1116
1132
1136
1146
1159
1169
1177
1184
1199
1207
1222
1228
1237
1251
1257
1265
1271
1277
1283
1292
1300
1307
1321
1330
1338
1344
1349
1358
1362
