2
17
45
53
57
60
72
84
88
93
101
112
115
122
126
132
139
151
160
171
180
189
195
202
208
214
219
225
230
240
245
257
272
282
300
310
317
324
336
348
357
360
372
383
395
401
414
419
423
429
438
442
451
459
466
474
487
489
500
515
519
533
538
543
553
559
571
575
584
600
602
616
624
629
640
649
657
662
676
685
700
714
724
731
737
740
749
755
767
771
779
782
795
800
807
813
820
826
836
848
855
868
875
883
892
898
907
918
924
935
944
950
960
965
974
980
990
997
1009
1021
1033
1043
1050
1056
1060
1064
1073
1083
1098
1110
1116
1123
1128
1138
1144
1149
1155
1163
1175
1178
1180
