0
12
17
21
25
33
35
38
44
57
62
67
75
84
89
96
102
111
116
139
146
154
160
164
178
191
205
207
209
218
224
231
240
244
252
265
277
283
288
292
302
306
313
316
324
330
337
351
362
374
382
390
397
402
406
411
416
419
421
424
429
434
440
446
458
470
475
480
487
492
498
508
514
526
536
541
547
553
566
573
579
585
590
599
602
606
615
624
628
631
638
643
651
656
665
670
677
686
693
700
704
711
718
728
734
740
746
752
766
771
782
791
797
803
809
822
829
837
852
856
871
879
885
892
898
904
910
917
925
940
947
952
963
966
973
981
989
997
1004
1014
1021
1027
1032
1037
1046
1054
1065
1075
1088
1093
1097
1104
1109
1114
1119
1125
1131
1134
1140
1147
1153
1157
1166
1174
1180
1184
1190
1198
1202
1205
1211
1217
1227
1239
1246
1249
1254
1259
1269
1273
1275
1281
1287
1301
1307
1315
1319
1326
1328
1341
1345
1350
1353
1360
1365
1368
1370
1375
1382
1385
1387
1392
1397
1404
1408
1415
1422
1427
1434
1440
1449
1453
1460
1466
1475
1477
1483
1489
1495
1500
1511
1513
1517
1534
1538
1546
1549
1555
1560
1571
1573
1581
1583
1593
1600
1605
1610
1613
1616
1624
1627
1631
1635
1640
1643
1647
1651
1655
1658
1666
1670
1677
1679
1685
1694
1698
1706
1708
1716
1722
1724
1730
1735
1740
1743
1746
1755
1757
1762
1765
1770
1775
1784
1788
1790
1798
1802
1807
1814
1822
1832
1835
1840
1845
1847
1851
1858
1864
1873
1883
1887
1903
1905
1914
1918
1928
1933
1942
1949
1951
1955
1963
1966
1970
1980
1986
1989
1991
1996
2001
2005
2011
2013
2020
2033
2048
2052
2061
2066
2070
2075
2081
2085
2091
2098
2110
2117
2127
2134
2146
2152
2156
2166
2171
2175
2180
2185
2189
2198
2204
2210
2221
2237
2242
