2
13
21
31
37
49
61
66
70
76
82
87
92
96
101
107
113
117
129
132
138
141
151
161
166
175
185
194
201
205
214
218
228
235
244
254
258
272
280
284
290
303
308
317
319
327
333
340
345
352
357
364
370
379
383
387
395
411
421
427
432
435
441
447
457
466
470
475
479
487
491
500
504
514
518
524
534
539
544
550
560
564
571
573
586
594
601
608
615
621
622
625
633
644
653
662
668
673
675
683
689
694
709
716
721
723
730
736
742
757
761
764
771
778
784
787
791
800
808
813
814
828
835
840
846
853
863
870
882
890
897
911
917
923
928
935
937
950
961
971
983
985
987
992
1001
1009
1025
1027
1031
1036
1042
1048
1055
1063
1066
1078
1085
1090
1096
1109
1119
1125
1137
1139
1142
1151
1163
1166
1168
1173
1178
1186
1189
1198
1204
1212
1216
1226
1232
1244
1252
1258
1260
1267
1270
1278
1282
1286
1308
1318
1324
1333
1337
1339
1346
1356
1358
1366
1378
1390
1395
