0
5
9
12
20
25
28
32
38
42
47
52
56
65
72
78
81
87
97
104
107
118
122
133
135
145
151
155
159
168
174
178
184
189
194
202
206
210
214
218
221
223
234
239
244
252
257
271
280
284
289
294
299
306
312
318
319
324
331
338
345
352
358
367
379
382
388
399
403
412
417
428
436
440
447
451
455
461
471
474
481
484
496
502
505
508
514
524
531
533
539
545
550
558
562
567
569
574
579
586
591
600
602
608
612
614
621
630
637
650
657
658
662
668
672
678
685
691
696
705
708
716
723
726
735
739
744
747
750
752
759
764
769
774
778
792
801
811
821
829
831
835
840
842
846
859
864
870
874
880
886
889
895
900
907
911
917
923
930
941
956
963
968
974
979
991
1001
1003
1011
1016
1023
1030
1034
1039
1050
1057
1065
1075
1085
1086
1090
1094
1098
1100
1105
1110
1114
1120
1137
1143
1149
1157
1162
1171
1177
1183
1186
1193
1195
1201
1208
1215
1220
1227
1230
1234
1240
1244
1259
1264
1268
1273
1280
1284
1291
1297
1305
1309
1312
1315
1322
1323
1327
1330
1338
1341
1351
1362
1367
1371
1381
1385
1395
1401
1406
1412
1416
1429
1437
1442
1445
1450
1455
1463
1471
1475
1479
1483
1489
1504
1511
1519
1525
1532
1539
1544
1549
1555
1563
1570
1581
1590
1597
1600
1609
1614
1618
