0
9
11
14
24
34
41
49
54
65
75
80
86
95
101
104
108
116
124
133
139
149
155
158
161
166
174
180
184
197
203
208
212
217
223
230
243
249
258
263
270
274
282
289
299
308
311
318
322
325
331
334
344
350
359
370
378
387
395
401
406
408
414
417
432
440
445
452
458
465
469
486
499
504
513
516
533
540
543
549
557
567
575
581
584
588
595
601
607
612
617
625
631
639
646
661
668
675
683
687
692
696
699
705
715
721
731
735
739
744
748
754
767
771
776
785
798
805
820
828
831
837
843
846
850
853
858
863
868
878
893
897
905
910
919
923
926
