0
9
13
18
27
38
42
52
61
63
70
81
85
90
96
101
109
119
124
129
132
140
156
158
167
177
191
202
204
208
211
215
222
226
231
236
240
246
250
254
258
264
266
274
281
287
293
295
297
302
307
311
322
330
335
338
341
346
353
358
363
365
369
378
384
392
406
417
419
427
430
433
438
446
450
452
459
474
477
485
490
495
502
507
510
514
522
532
537
539
542
547
555
568
571
579
585
592
599
605
615
619
636
645
651
657
663
666
673
675
677
679
683
687
693
699
703
707
716
719
724
728
732
738
745
756
767
771
776
786
792
794
797
804
809
815
822
825
831
843
850
854
864
871
875
886
892
899
905
911
915
921
927
935
938
945
949
955
960
967
973
977
982
992
998
1005
1011
1015
1021
1028
1034
1038
1041
1045
1051
1059
1070
1074
1081
1085
1091
1093
1098
1104
1109
1118
1121
1126
1133
1139
1143
1147
1150
1155
1162
1169
1171
1176
1181
1185
1192
1195
1199
1205
1211
1217
1222
1229
1231
1240
1247
1252
1255
1266
1278
1284
1286
1304
1308
1310
1317
1322
1334
1345
1356
1363
1367
1371
1381
1388
1394
1397
1406
1410
1413
1423
1427
1432
1440
1444
1450
1455
1459
1469
1472
1477
1483
1488
1495
1501
