0
6
9
11
13
16
21
44
50
55
61
69
81
92
97
101
106
109
116
126
132
137
144
147
152
158
163
168
178
186
192
201
204
211
216
227
234
241
255
262
279
287
295
311
323
330
337
342
348
353
358
367
375
379
385
395
400
404
413
417
421
438
450
459
461
469
473
483
491
498
506
522
526
534
544
552
562
568
574
580
586
591
598
604
614
621
628
635
644
654
663
668
674
677
682
690
696
704
712
715
721
725
737
743
745
756
760
765
772
784
791
794
802
809
813
821
829
834
841
849
852
865
871
879
883
891
893
900
906
912
924
934
951
959
969
977
981
984
990
999
1011
1020
1026
1031
1037
1039
1043
1058
1060
1066
1068
1077
1086
1096
1105
1109
1117
1126
1129
1136
1147
1150
1156
1163
1169
1174
1182
1186
1195
1196
1199
1202
1206
1213
1221
1233
1237
1244
1252
1260
1268
1276
1281
1283
1286
