0
5
9
14
19
23
26
30
32
34
38
41
49
56
60
64
72
84
88
94
103
108
111
114
122
132
135
138
147
154
158
163
168
176
183
187
192
200
207
215
217
222
235
245
248
253
257
262
268
284
294
296
300
305
312
322
332
334
342
348
353
356
361
370
382
393
395
398
401
404
411
416
421
431
432
434
438
446
456
459
465
470
475
481
484
497
498
501
503
514
516
524
532
543
552
558
569
582
584
588
593
599
607
611
622
629
636
650
655
657
667
672
677
685
690
699
702
705
708
711
717
719
722
725
726
729
733
735
740
741
746
755
756
758
762
768
772
779
783
786
789
791
795
799
805
807
811
812
814
820
828
830
832
838
842
846
851
