0
5
9
17
19
24
31
37
44
46
49
58
62
69
74
77
82
89
92
98
101
110
117
118
122
123
126
129
134
136
143
145
148
150
162
163
168
175
178
184
190
196
205
213
218
222
236
247
254
261
264
274
283
291
294
296
301
312
314
319
328
333
340
351
364
369
373
380
389
394
403
408
411
417
422
426
434
439
442
447
449
454
461
465
471
476
483
490
495
500
507
511
519
526
533
541
546
547
551
556
561
567
574
580
590
598
603
609
616
621
624
627
633
635
642
646
651
657
661
664
669
678
684
688
692
699
704
709
717
725
733
739
744
750
753
760
766
771
775
778
780
783
786
789
793
794
802
810
813
816
823
831
836
839
846
853
856
861
866
871
872
876
892
898
904
912
917
920
926
930
934
946
952
958
962
966
971
978
983
991
996
1003
1012
1018
1022
1033
1044
1049
1053
1054
1056
1061
1065
1069
1072
1077
1081
1085
1091
1094
1097
1101
1107
1110
1122
1124
1128
1141
1148
1159
1163
1169
1176
