1
9
11
14
22
25
31
34
42
48
54
62
66
74
80
87
98
105
113
116
121
125
130
136
139
144
147
151
157
162
165
167
179
184
186
187
192
195
204
208
213
226
231
240
250
257
262
272
276
290
295
301
307
311
316
323
334
342
347
353
354
363
373
382
390
396
403
411
419
426
427
434
439
448
457
463
469
474
478
485
492
498
504
506
512
515
516
523
525
532
538
544
547
551
558
564
572
579
585
589
599
613
615
617
625
627
631
635
636
646
650
652
655
661
665
672
687
694
702
704
705
707
709
711
714
715
722
726
734
738
746
750
756
765
771
777
784
793
801
804
808
812
816
821
830
834
839
844
847
852
859
864
868
874
885
887
893
900
903
907
914
922
924
930
932
935
949
951
956
966
970
974
982
993
997
1001
1008
1011
1016
1027
1032
1038
1044
1054
1059
1064
1065
1070
1072
1078
1083
1101
1103
1106
1108
1113
1122
1129
1134
1140
1147
1151
1152
1159
1164
1168
1171
1175
1177
1181
1184
1187
1189
1192
1198
1206
1216
1221
1227
1236
1238
1243
1252
1260
1265
1268
1275
1278
1285
1292
1299
1304
1307
1312
1318
1322
1327
1332
1344
1357
1366
1373
1375
1383
1387
1395
1400
1413
1415
1425
1432
1440
1451
1456
1459
1466
1470
1475
1477
1481
1484
1494
1502
1508
1513
1515
1520
1524
1530
1533
1536
1539
1543
1549
1557
1566
1572
1581
1584
1598
1604
1619
1623
1627
1631
1642
1651
1657
1663
1667
1676
1685
1699
1702
1708
1716
1724
1729
1736
1743
1749
1753
1759
1762
1769
1776
1779
1782
1789
1791
1795
1797
1807
1812
1815
1818
1822
1831
1835
1838
1844
1851
1854
1860
1865
1867
1870
1875
1888
1894
1904
1907
1919
1927
1934
1936
1944
1953
1955
1964
1976
1981
1998
2001
2005
