0
5
9
12
18
23
26
33
36
41
46
50
55
62
65
72
78
87
92
99
105
111
115
119
123
127
134
140
148
157
161
164
169
176
180
184
191
194
201
205
212
216
226
230
235
242
250
255
260
263
268
271
276
278
282
286
292
298
304
309
315
319
326
331
336
342
350
357
363
369
378
388
395
401
409
417
433
438
449
455
460
463
468
474
479
483
491
495
501
503
507
514
519
526
534
538
545
555
559
565
570
575
579
584
590
599
603
608
614
621
625
639
646
651
656
664
677
685
688
695
701
707
713
721
726
733
736
739
748
750
754
763
769
778
784
792
802
810
816
824
830
840
850
856
860
868
878
881
885
888
894
904
923
931
936
942
949
957
968
981
987
999
1007
1014
1019
1023
1031
1037
1046
1056
1063
1065
1066
1074
1085
1092
1102
1107
1113
1115
