0
5
9
11
14
24
35
44
46
52
57
62
66
75
81
95
111
120
128
134
137
142
147
158
166
170
183
188
189
195
200
205
211
217
223
228
233
238
243
252
261
268
273
280
285
291
298
303
307
318
324
328
334
340
347
355
366
372
377
383
389
395
401
412
415
425
431
434
441
445
451
459
469
476
484
490
495
504
511
521
529
534
538
545
548
551
559
562
565
569
576
588
592
599
609
614
616
623
630
635
643
651
654
660
662
667
674
680
686
691
692
701
704
710
723
731
734
739
745
749
753
758
760
764
774
776
782
784
787
790
797
802
810
812
817
823
826
832
839
843
850
856
864
872
880
886
894
902
907
915
922
928
933
940
949
953
959
972
977
982
999
1008
1010
1012
1019
1025
1030
1036
1042
1047
1053
1057
1061
1070
1073
1077
1082
1089
1095
1101
1111
1116
1119
1123
1127
1134
1137
1138
1142
1146
1152
1160
1166
1173
1181
1186
1192
1201
1203
1211
1225
1236
1243
1248
1254
1260
1266
1272
1275
1281
1294
1300
1305
1319
1331
1335
1342
1349
1355
1361
1370
1382
1385
1391
1397
1401
1406
1410
1415
1423
1429
1437
1446
1452
1457
1470
1476
1479
1483
1489
1494
1500
1511
1517
1523
1527
1530
1539
1548
1554
1562
1567
1575
1581
1587
1593
1603
1611
1619
1629
1635
1641
1648
1652
1659
1665
1670
1673
1680
1686
1690
1698
1709
1713
1721
1728
1733
1756
1759
1762
