0
12
19
23
32
48
61
64
71
78
82
94
96
101
104
109
118
126
131
136
149
164
173
181
187
194
198
205
210
220
232
238
240
245
248
252
256
263
271
282
288
292
295
300
302
307
315
321
326
333
339
344
352
362
370
378
382
387
391
395
402
411
418
428
433
439
445
453
461
469
476
483
484
486
494
498
502
506
511
516
521
527
531
540
548
553
568
572
578
582
589
594
603
608
618
620
626
632
638
645
652
659
665
673
674
676
681
687
693
698
705
709
715
718
726
739
741
743
750
751
760
762
768
777
783
787
792
799
803
807
813
819
822
827
833
841
844
850
855
862
870
878
884
891
894
898
901
904
906
909
914
920
923
