0
5
9
11
18
21
28
34
42
48
58
65
72
76
86
92
100
111
118
124
132
138
145
147
150
158
163
172
177
179
193
204
214
222
231
235
244
249
257
260
262
268
272
280
282
285
290
294
299
304
307
314
317
320
328
337
343
345
349
352
355
359
370
378
389
396
403
416
424
429
433
437
444
447
452
460
464
466
475
478
485
493
498
513
514
521
525
534
538
545
546
555
560
563
569
575
583
589
598
600
607
610
612
615
621
624
632
637
641
650
654
657
659
663
670
684
687
690
699
704
715
718
723
727
736
745
753
756
758
762
768
770
773
779
782
790
798
806
816
822
837
847
854
861
869
875
882
891
898
906
914
919
922
928
936
945
949
953
967
972
981
990
996
999
1002
