0
5
9
19
34
43
52
70
72
75
78
87
96
99
104
112
119
128
140
151
157
166
173
177
182
190
193
201
203
212
217
227
235
244
252
259
261
264
270
279
282
291
298
301
309
317
322
326
328
332
338
346
350
353
358
372
376
384
395
403
411
417
421
430
433
438
442
449
458
471
479
483
492
496
502
510
513
519
527
534
556
559
572
577
584
586
597
604
612
617
621
624
634
640
648
656
669
676
681
688
696
710
724
733
745
749
755
762
771
776
785
800
810
817
825
833
839
848
854
859
867
871
881
892
898
907
914
918
921
928
936
940
952
958
965
968
971
986
1003
1007
1017
1025
1051
1055
1058
1067
1118
1142
1146
1159
1176
1184
1193
1198
1208
1217
1226
1238
1247
1252
1273
1275
1289
1293
1321
1328
1338
1361
1367
1383
1403
1410
1426
1432
1439
1442
1446
1457
1467
1480
1483
1497
1514
1535
1542
1561
1567
1572
1589
1594
1600
1620
1624
1638
1652
1665
1678
1681
1691
1699
1703
1711
1722
1730
1753
1760
1764
1777
1787
1794
1801
1803
1810
1822
1835
1851
1859
1865
1870
1881
1896
1918
1925
1930
1940
1945
1952
1977
1982
1984
1993
1999
2005
2018
2027
2032
2039
2044
2048
2058
2062
2070
2074
2083
2092
2098
2111
2117
2123
2131
2140
2145
2149
2158
2169
2178
2181
2190
2193
2207
2214
2219
2231
2240
2248
2250
2262
2268
2275
2282
2290
2296
2311
2321
2327
2350
2359
2370
2379
2396
2404
2411
2415
2423
2441
2443
2449
2454
2464
2467
2473
2477
2485
2498
2502
2507
2512
2516
2522
2525
2532
2537
2552
2555
2558
2566
2576
2578
2589
2593
2613
2616
2628
2630
2641
2646
2653
2667
2669
2679
2680
2692
2698
2706
2712
2716
2725
2741
2745
2757
2764
2771
2778
2781
2788
2791
2802
2810
2816
2819
2828
2836
2847
2862
2880
2883
2891
2899
2907
2921
2956
2969
2983
3001
3004
3026
3039
3054
3066
3074
3085
3091
3100
3106
3107
3114
3118
3132
3147
3156
3160
3179
3186
3199
3230
3239
3253
3261
3268
3280
3301
3312
3323
3329
3336
3342
3366
3375
3377
3386
3390
3395
3400
3407
3412
3418
3431
3435
3445
3463
3473
3481
3497
3502
3511
3529
3538
3548
3559
3568
3575
3590
3601
3603
3614
3623
3627
3639
3646
3653
