0
5
9
14
20
25
32
38
45
69
74
89
96
103
109
113
117
125
129
135
141
151
155
161
169
178
182
187
194
203
212
217
233
239
246
249
258
269
278
283
288
297
300
303
311
322
328
337
342
346
351
355
362
377
383
395
399
406
409
413
422
437
445
453
455
469
477
481
485
487
498
507
515
521
525
534
547
557
564
575
577
583
588
596
599
604
616
623
626
629
636
643
650
659
664
668
672
676
680
687
690
696
699
703
710
716
724
727
733
741
747
755
758
768
776
779
785
790
799
807
817
823
828
836
843
854
858
861
866
881
889
899
904
908
915
924
931
939
944
953
960
966
975
982
990
994
1000
1011
1017
1020
1025
1031
1037
1043
1052
1057
1059
