0
5
9
14
27
33
41
50
54
59
67
73
87
94
102
107
119
123
134
137
143
149
159
163
172
188
191
198
205
210
218
232
243
248
255
259
263
269
274
280
288
300
304
316
323
328
329
336
340
346
354
359
365
370
379
382
391
397
406
414
420
425
432
443
451
454
456
463
466
470
473
475
478
481
484
486
490
494
498
502
505
511
518
529
537
545
557
566
573
577
588
591
599
603
610
613
623
629
634
636
640
647
650
653
656
659
663
667
672
677
683
688
692
702
713
719
725
728
738
742
747
748
752
757
765
774
784
794
803
813
823
832
835
842
850
864
868
874
886
893
894
897
900
905
912
927
930
934
941
947
952
957
968
972
976
991
998
1005
1016
1020
1026
1030
1037
1041
1048
1059
1063
1065
1069
1072
1077
1083
1088
1092
1097
1102
1111
1120
1129
1135
1140
1151
1154
1162
1167
1169
1176
1182
1185
1192
1199
1203
1209
1220
1225
1235
1239
1249
1260
1268
1276
1284
1292
1300
1308
1312
1319
1330
1336
1345
1351
1355
1358
1363
1372
1374
1378
1384
1390
1394
